WeightedEdgeArray
8 6 8.38343757670e-01
7 2 4.10354818217e-01
6 7 7.68790280446e-01
3 9 6.20546175167e-01
2 5 4.40677656326e-01
6 8 1.52100240812e-02
4 2 8.96092796698e-01
4 5 9.04749795794e-01
1 7 8.52720612660e-01
8 2 4.19736773241e-01
4 6 7.97577353194e-01
1 5 3.88237153646e-01
5 6 2.69927256275e-01
8 2 7.84926451743e-02
0 6 8.07832706720e-01
5 7 8.47485562786e-01
7 3 1.98164882138e-01
4 9 8.03480532020e-01
2 7 6.48936932441e-01
9 4 1.70473512262e-02
2 0 8.21377399843e-01
4 3 5.37801158614e-01
1 7 2.77731177863e-01
3 7 4.84552753624e-01
3 8 4.59578484297e-02
6 1 4.01222461369e-01
7 6 2.48040674254e-01
8 7 4.38712990377e-01
1 4 4.90440921858e-02
1 8 9.79985447600e-01
2 1 6.89484058879e-01
7 1 6.60960955545e-01
0 7 3.93636127468e-01
3 5 8.22012085002e-01
5 0 4.11126801744e-01
5 0 2.82837974839e-01
8 3 5.12697421946e-02
0 7 9.05472946353e-01
0 4 7.24460644647e-01
9 2 8.24002618901e-01
6 4 5.84882369265e-01
2 3 8.05591436569e-01
6 0 5.25504522026e-01
0 2 3.27133407816e-01
9 6 8.43047713861e-02
9 0 8.11311902478e-01
7 6 5.13609295245e-01
5 7 9.86305452883e-01
3 8 7.58166526910e-01
9 4 6.43732948229e-01
