WeightedEdgeArray
3 1 8.38343757670e-01
0 5 4.10354818217e-01
2 3 7.68790280446e-01
3 1 6.20546175167e-01
2 3 4.40677656326e-01
0 1 1.52100240812e-02
4 0 8.96092796698e-01
4 5 9.04749795794e-01
1 5 8.52720612660e-01
0 1 4.19736773241e-01
4 2 7.97577353194e-01
1 5 3.88237153646e-01
5 0 2.69927256275e-01
2 0 7.84926451743e-02
0 4 8.07832706720e-01
5 1 8.47485562786e-01
0 2 1.98164882138e-01
4 1 8.03480532020e-01
2 5 6.48936932441e-01
3 4 1.70473512262e-02
2 1 8.21377399843e-01
4 1 5.37801158614e-01
1 5 2.77731177863e-01
3 0 4.84552753624e-01
3 2 4.59578484297e-02
5 3 4.01222461369e-01
5 0 2.48040674254e-01
5 4 4.38712990377e-01
1 4 4.90440921858e-02
1 0 9.79985447600e-01
