WeightedEdgeArray
19 76 8.38343757670e-01
42 97 4.10354818217e-01
59 84 7.68790280446e-01
3 13 6.20546175167e-01
96 6 4.40677656326e-01
74 58 1.52100240812e-02
12 90 8.96092796698e-01
59 74 9.04749795794e-01
49 61 8.52720612660e-01
71 75 4.19736773241e-01
79 88 7.97577353194e-01
44 52 3.88237153646e-01
78 47 2.69927256275e-01
98 10 7.84926451743e-02
55 72 8.07832706720e-01
57 17 8.47485562786e-01
77 91 1.98164882138e-01
17 29 8.03480532020e-01
27 46 6.48936932441e-01
53 54 1.70473512262e-02
41 64 8.21377399843e-01
96 79 5.37801158614e-01
32 43 2.77731177863e-01
3 27 4.84552753624e-01
61 25 4.59578484297e-02
62 86 4.01222461369e-01
71 74 2.48040674254e-01
62 16 4.38712990377e-01
11 0 4.90440921858e-02
64 85 9.79985447600e-01
88 9 6.89484058879e-01
41 25 6.60960955545e-01
0 7 3.93636127468e-01
69 36 8.22012085002e-01
11 87 4.11126801744e-01
87 74 2.82837974839e-01
33 41 5.12697421946e-02
39 70 9.05472946353e-01
72 67 7.24460644647e-01
19 20 8.24002618901e-01
6 54 5.84882369265e-01
92 12 8.05591436569e-01
81 16 5.25504522026e-01
65 32 3.27133407816e-01
49 78 8.43047713861e-02
9 29 8.11311902478e-01
83 94 5.13609295245e-01
10 29 9.86305452883e-01
19 95 7.58166526910e-01
97 22 6.43732948229e-01
81 40 4.73591817543e-01
36 85 6.64960014634e-01
26 79 5.44318139553e-01
32 46 2.76255649049e-01
98 43 2.33341887593e-01
1 4 1.84916375205e-01
85 95 3.81704488304e-01
70 76 2.46841129381e-01
75 39 1.12811592408e-01
23 35 2.14185854420e-02
85 73 9.77982369252e-01
38 12 6.89276810270e-01
34 40 5.88357259054e-01
20 61 3.42522356659e-01
45 93 8.13244748861e-01
60 90 4.32899564505e-01
27 51 2.97225621063e-01
91 98 2.12386043742e-01
57 0 9.08164666034e-01
12 11 6.39586973935e-01
55 67 6.13700912800e-01
51 55 5.26586607099e-01
20 29 7.80028335284e-01
56 58 5.93752034474e-01
94 24 2.90212526452e-01
6 18 8.97563688457e-01
8 33 8.31962850410e-01
70 23 4.09014809411e-01
85 68 8.52837174665e-01
39 61 3.25684964191e-01
6 17 7.42414492648e-01
17 48 4.38097958453e-01
9 94 1.38668342028e-01
91 97 7.18904121779e-01
54 15 4.62422637269e-01
9 22 1.85783580877e-01
45 63 9.74347580690e-01
40 69 3.98455705028e-01
14 35 3.50836753845e-01
7 71 2.15597432572e-01
4 26 7.59925119113e-01
5 60 8.08608771767e-01
0 84 5.20080136601e-01
78 83 4.50390642043e-01
82 61 3.13558601774e-02
38 62 5.41132954881e-01
84 0 4.24469473306e-01
3 28 3.52508496027e-01
13 33 6.28450033255e-02
73 93 8.77684010193e-01
63 93 7.29742387310e-01
54 4 6.22246645391e-01
18 29 3.72447297908e-01
81 83 8.98388963658e-01
55 65 5.72214382701e-01
59 75 4.56493630540e-01
54 3 6.21174466796e-02
31 61 8.58739804476e-01
30 61 3.78021094017e-01
49 64 8.55053774547e-01
8 12 6.12040833104e-01
27 47 8.73196134344e-02
21 98 4.57366053946e-01
58 83 1.84558021836e-01
31 46 8.81337887142e-01
4 19 4.84658383764e-01
79 0 1.32221758366e-01
80 83 9.83268811367e-01
45 97 3.65686826408e-01
1 97 2.22223627381e-01
36 62 4.59191985428e-02
76 79 7.56605741102e-01
18 19 6.50683016982e-01
6 20 5.53038855083e-01
89 8 4.38275075052e-01
32 55 4.73094000481e-02
44 57 3.85739591438e-01
30 36 2.83083484974e-01
81 86 3.45763795543e-01
94 11 6.75412770361e-02
36 56 9.54707056750e-01
39 16 8.36030323058e-01
55 58 5.07713600993e-01
15 22 3.63633333705e-01
14 17 6.95468088146e-01
70 88 5.72279009502e-01
2 17 4.07899177633e-01
52 57 1.35950829368e-01
34 51 1.14099845290e-01
53 66 4.26035863813e-01
99 6 8.05497481488e-01
98 10 5.03819286823e-01
14 2 4.51197872870e-01
48 71 9.58009562921e-01
28 43 1.50112430565e-01
96 73 9.96905060019e-01
83 5 6.68855756056e-01
89 81 1.33441335987e-01
17 83 9.35554092750e-01
91 19 2.57547297515e-01
12 42 7.54319694825e-02
70 44 1.23350410722e-01
9 34 7.78815936297e-01
91 56 7.39278510679e-01
10 48 2.84668755718e-01
4 92 4.68304657377e-01
15 49 2.38004476763e-01
89 17 4.14265205618e-01
92 81 1.25599662308e-01
59 84 1.84827934485e-01
87 88 7.99729432911e-02
58 98 7.63710621744e-01
88 4 6.00334706251e-01
5 47 5.39756967220e-01
15 1 3.04215317592e-01
68 40 7.33864215203e-01
83 7 4.41731395200e-01
29 34 4.44117158186e-01
57 58 1.46453845315e-01
44 46 1.24470039736e-01
94 53 8.16492538899e-01
65 81 2.95761299785e-01
19 49 5.45651409775e-02
37 58 8.07112869341e-01
25 62 5.09238833096e-01
21 58 6.35405508801e-02
62 43 9.15359806735e-01
53 60 1.52503117453e-01
82 2 9.69515141100e-01
45 49 3.05222761352e-01
79 3 7.53082358278e-01
98 51 5.53371568210e-01
13 41 2.75450916961e-01
28 36 1.37406376190e-01
22 99 2.22729441244e-01
72 75 9.01863508858e-01
82 79 7.47563910205e-01
11 38 6.01094007492e-01
16 37 9.00189997628e-02
43 33 8.71879964601e-01
52 47 5.83287106827e-01
60 82 4.62825317401e-01
85 16 3.03146473132e-01
80 19 2.09537874907e-01
93 12 7.65113054775e-01
53 62 6.72764497343e-01
46 95 2.26671012118e-01
22 25 8.84395046625e-01
99 0 7.20093857963e-01
44 32 6.17573238909e-01
90 17 5.66219755448e-01
97 17 2.78957965784e-01
56 81 1.17801731918e-01
97 98 4.97680893168e-02
72 52 7.54381030798e-01
43 65 6.03724516928e-01
43 71 6.11691291444e-01
49 36 8.44227122143e-02
5 70 6.86484968755e-01
86 92 9.45496646687e-01
21 8 4.53660883009e-01
4 13 8.01066264976e-01
35 89 5.28235037811e-01
13 43 3.50627690088e-01
60 70 7.66821154393e-02
22 52 1.53310665395e-01
42 56 9.47327744681e-01
61 55 7.02904534526e-01
68 64 2.93364944402e-01
93 36 1.22332390398e-01
57 87 6.66154590901e-01
25 35 4.18264157604e-01
39 59 1.49346552789e-01
32 44 2.95448260847e-01
75 5 1.52268353850e-03
73 24 7.75601318106e-01
61 68 6.18352036458e-01
93 5 1.39880120289e-01
30 87 9.75635203533e-01
95 46 7.42900651414e-01
26 31 4.58735779859e-01
24 25 5.73434156366e-01
79 44 3.30086772796e-01
28 23 6.43355464563e-02
97 10 8.71441536583e-01
73 26 6.55800633598e-01
15 79 9.07420699019e-01
74 83 2.93501127046e-01
2 75 7.36227646936e-01
47 76 5.64443008043e-02
74 92 4.48670937214e-01
23 58 3.66992758121e-01
30 32 5.31210466754e-01
90 93 6.99152620509e-02
91 13 3.57669338118e-01
76 41 7.29396865703e-01
66 19 9.24607111141e-01
96 1 8.41204114258e-02
48 26 2.38301781472e-01
66 99 5.50509477500e-01
69 79 9.61773210205e-01
48 1 9.97822705656e-01
61 34 1.04510157835e-01
93 17 2.51647332218e-01
40 55 6.79884260055e-01
4 5 2.67876519356e-01
50 65 3.83577999659e-01
0 17 6.70137739275e-01
51 35 6.92107948940e-01
21 46 1.80537091102e-01
92 80 4.54547245521e-01
78 18 6.90158363897e-01
92 12 1.19359516539e-01
82 90 2.62707201764e-01
35 38 2.04829815775e-02
7 26 1.04610629845e-01
62 75 8.87451202143e-01
68 90 9.20090334956e-01
12 48 4.85670285765e-01
26 83 7.06204556860e-01
43 80 8.69788307697e-01
64 49 4.89579639398e-01
16 47 2.79141832609e-01
8 38 6.21759466361e-01
34 78 6.31973552052e-01
92 21 2.79470732901e-01
57 66 6.62399499677e-01
0 46 8.76217868645e-01
10 70 4.03854912147e-02
39 74 2.43776079267e-01
25 49 3.78048177809e-01
72 94 7.81696399674e-01
90 18 7.38469632342e-02
46 85 2.10563279688e-03
46 50 3.08230554219e-01
70 93 6.35667873081e-01
73 91 9.19233949855e-01
99 10 4.16330217384e-01
84 41 8.37976456154e-01
27 56 7.07625505049e-01
85 43 9.52467543539e-01
47 20 4.88551415503e-01
33 39 7.33844046015e-01
75 42 1.18671624921e-01
60 85 2.66912042629e-01
34 90 8.72560357675e-01
83 12 1.38017903082e-02
46 96 9.01862219907e-01
79 95 1.87036011834e-01
38 68 4.56808835734e-01
86 17 7.12768857367e-01
31 94 8.46997561399e-01
26 46 3.61210084520e-02
54 63 2.86742440425e-01
40 6 5.40533055551e-01
3 88 7.30705583468e-01
33 59 9.26353705116e-01
68 92 7.26275097113e-01
15 33 8.90353028197e-01
55 8 2.36513860989e-01
67 8 4.00926886592e-01
63 72 4.27201827522e-01
76 46 4.66523195151e-01
13 80 8.14684135839e-02
87 95 3.67603002582e-01
46 77 3.54159830138e-01
37 59 6.26677997410e-01
32 57 9.48125408031e-02
64 48 1.39060895890e-01
95 43 8.67450805847e-01
24 92 6.48297749925e-01
43 73 9.44021399133e-01
41 17 1.24029736966e-01
81 99 7.18349920120e-01
77 78 1.13913950510e-01
24 31 4.57840009127e-01
48 1 5.76095328201e-01
60 83 4.30661691353e-02
37 39 8.88382703997e-02
58 81 1.35487345979e-01
56 57 2.95232762583e-01
51 39 6.94029306993e-01
2 20 8.51582716219e-01
49 53 2.26163058076e-01
2 21 3.08605092578e-02
67 79 7.07393790595e-01
31 60 8.61701901071e-01
22 42 5.30084874481e-03
98 25 3.06592564099e-01
19 45 8.88390238862e-01
23 12 2.08979711402e-01
67 29 4.95165090077e-01
35 77 2.53231572453e-01
9 76 4.60360947996e-01
45 50 7.48726034537e-01
0 92 7.52593464684e-01
87 93 7.24504223093e-01
22 1 6.39169257600e-01
62 93 6.62388186902e-02
3 25 2.24572271574e-01
58 72 3.89663228765e-01
93 50 6.42607739661e-01
48 10 8.29979428090e-02
37 5 2.00239793397e-01
69 53 2.65761865303e-01
7 36 7.24237207323e-02
21 66 2.64577993657e-01
29 48 4.13175316993e-01
80 81 8.70930406265e-01
84 17 9.17844967917e-02
42 72 2.67557045911e-01
18 36 3.84261535481e-01
51 56 7.12583804969e-01
53 69 9.95053427294e-01
89 91 1.30039611366e-01
13 93 4.93639102206e-02
50 82 2.64369540848e-01
72 32 6.44901760388e-01
63 79 8.94407079089e-01
76 87 2.86471109837e-01
50 18 8.30908366945e-01
8 66 5.35724135116e-02
20 47 2.85590671003e-01
47 91 3.24984080158e-01
52 80 5.71245484985e-01
56 85 6.39821723104e-01
66 2 7.60937290266e-01
61 80 2.06593071111e-01
12 50 9.84282767400e-01
10 80 3.33400578238e-02
95 54 3.29152617138e-01
35 23 6.17743051145e-01
26 61 4.74555541761e-01
69 7 9.61558592040e-01
90 70 1.09662593808e-01
76 89 3.58903655317e-01
80 18 8.01805001218e-01
35 55 3.68425067980e-01
7 13 3.96648158785e-01
90 22 6.76940278150e-01
69 91 5.34749737941e-01
80 1 3.04474836215e-01
94 18 4.18685662095e-01
52 84 8.36250737775e-01
17 27 7.61058167554e-02
74 3 2.37453846727e-01
64 81 1.03317729663e-01
8 32 2.51636412926e-01
28 96 5.95058045350e-01
86 8 8.99279939942e-01
99 22 2.83306029160e-01
51 26 7.39854201674e-01
99 2 9.43497410044e-01
17 29 2.88054808509e-01
78 10 3.21340411436e-01
44 64 5.17031055409e-01
71 12 7.36042079516e-01
83 22 8.08021280915e-01
25 48 1.90749201924e-01
73 75 6.03654905688e-01
86 90 5.34370495006e-03
68 95 3.34359767381e-01
75 97 6.05640502181e-01
47 53 4.27053342573e-01
14 39 6.45094591193e-01
1 28 6.27565854229e-02
5 7 2.56161825266e-01
33 4 6.87303689308e-01
54 81 5.53292394616e-02
52 46 3.96140339319e-01
42 6 6.57306453213e-01
63 89 7.18676638789e-01
41 64 7.91348661296e-01
25 47 4.13623945788e-01
77 96 8.69151123799e-01
29 82 1.41353322193e-01
29 40 4.29680555593e-01
84 51 9.70393852331e-02
67 14 2.77089214884e-01
38 54 5.91576691717e-01
14 42 8.63668947946e-01
1 87 4.89209266379e-01
31 40 6.55253292061e-01
95 11 7.54169395193e-01
74 4 1.98663559742e-01
38 51 3.34240938537e-01
88 64 6.09836033545e-01
29 48 7.49940867536e-01
28 46 9.15411632042e-01
1 5 1.44632041920e-01
94 49 5.16586733051e-01
11 42 8.08064908721e-01
88 32 2.64949495904e-01
20 88 5.72922104504e-01
56 76 4.91166706663e-01
95 6 6.48888944648e-01
16 80 9.50574464630e-01
63 65 3.05717935320e-01
36 64 8.34343614988e-01
71 6 7.61570534669e-02
88 84 1.69542783871e-01
64 99 6.52817115653e-01
37 19 5.51559571177e-01
23 30 7.94655210804e-01
42 19 1.99731159955e-03
18 72 7.68403996248e-01
6 11 1.35944524314e-01
47 12 4.08223105595e-01
36 92 6.92227581982e-01
89 8 2.20815221313e-01
65 85 2.74248780217e-01
34 0 5.53984556347e-01
2 12 9.18206224218e-01
10 16 7.45541076642e-01
86 33 7.62857746333e-01
30 33 9.09187081270e-02
24 53 9.47893546429e-01
50 26 5.92907217331e-01
66 70 7.19602149911e-01
18 86 8.88748963363e-01
67 1 4.56035258248e-01
27 36 5.21834452171e-01
40 46 8.05734131020e-01
65 85 7.60014308617e-02
50 54 2.72497310303e-01
20 43 4.48656072374e-01
33 49 6.41152750701e-01
40 69 7.88416889496e-01
97 10 2.01678016689e-01
66 9 8.42854592949e-01
77 86 7.26047633216e-02
16 26 1.38800702989e-01
23 27 4.07457411289e-01
65 53 5.53801855072e-01
7 2 7.93602871243e-01
16 36 9.38808452338e-02
82 2 2.76373227593e-01
71 69 1.33906566072e-01
5 36 4.07536893617e-01
96 19 7.45938452892e-01
84 12 8.96961852908e-01
75 99 2.67875343096e-01
87 8 5.10707456153e-01
11 32 7.76631161571e-02
78 83 3.50936423987e-01
77 96 6.63869784679e-01
24 53 8.23083613068e-02
58 70 9.78276742622e-01
41 93 1.26385834999e-01
59 80 6.88869007863e-01
