WeightedEdgeArray
19 16 8.38343757670e-01
7 2 4.10354818217e-01
11 18 7.68790280446e-01
3 13 6.20546175167e-01
10 8 4.40677656326e-01
15 13 1.52100240812e-02
12 10 8.96092796698e-01
13 3 9.04749795794e-01
1 17 8.52720612660e-01
8 12 4.19736773241e-01
18 19 7.97577353194e-01
1 5 3.88237153646e-01
5 16 2.69927256275e-01
14 2 7.84926451743e-02
0 6 8.07832706720e-01
5 7 8.47485562786e-01
7 13 1.98164882138e-01
17 9 8.03480532020e-01
2 17 6.48936932441e-01
12 8 1.70473512262e-02
11 12 8.21377399843e-01
16 6 5.37801158614e-01
1 7 2.77731177863e-01
3 7 4.84552753624e-01
3 8 4.59578484297e-02
13 1 4.01222461369e-01
7 16 2.48040674254e-01
8 18 4.38712990377e-01
11 0 4.90440921858e-02
1 8 9.79985447600e-01
11 2 6.89484058879e-01
16 17 6.60960955545e-01
0 7 3.93636127468e-01
13 0 8.22012085002e-01
11 7 4.11126801744e-01
5 10 2.82837974839e-01
15 2 5.12697421946e-02
14 17 9.05472946353e-01
19 9 7.24460644647e-01
19 0 8.24002618901e-01
6 14 5.84882369265e-01
2 12 8.05591436569e-01
6 0 5.25504522026e-01
0 12 3.27133407816e-01
17 9 8.43047713861e-02
9 10 8.11311902478e-01
7 6 5.13609295245e-01
10 9 9.86305452883e-01
19 15 7.58166526910e-01
16 1 6.43732948229e-01
2 15 4.73591817543e-01
8 12 6.64960014634e-01
10 6 5.44318139553e-01
5 7 2.76255649049e-01
9 16 2.33341887593e-01
1 4 1.84916375205e-01
16 0 3.81704488304e-01
2 0 2.46841129381e-01
14 19 1.12811592408e-01
2 1 2.14185854420e-02
18 6 9.77982369252e-01
17 3 6.89276810270e-01
4 5 5.88357259054e-01
18 12 3.42522356659e-01
9 14 8.13244748861e-01
15 9 4.32899564505e-01
12 10 2.97225621063e-01
6 11 2.12386043742e-01
3 5 9.08164666034e-01
12 11 6.39586973935e-01
4 12 6.13700912800e-01
13 15 5.26586607099e-01
18 9 7.80028335284e-01
12 2 5.93752034474e-01
10 16 2.90212526452e-01
6 18 8.97563688457e-01
8 13 8.31962850410e-01
15 19 4.09014809411e-01
19 5 8.52837174665e-01
15 1 3.25684964191e-01
6 17 7.42414492648e-01
17 8 4.38097958453e-01
9 14 1.38668342028e-01
4 13 7.18904121779e-01
16 7 4.62422637269e-01
9 2 1.85783580877e-01
10 0 9.74347580690e-01
4 19 3.98455705028e-01
14 15 3.50836753845e-01
7 11 2.15597432572e-01
4 6 7.59925119113e-01
5 0 8.08608771767e-01
0 4 5.20080136601e-01
0 17 4.50390642043e-01
14 2 3.13558601774e-02
8 6 5.41132954881e-01
17 7 4.24469473306e-01
3 8 3.52508496027e-01
13 4 6.28450033255e-02
18 16 8.77684010193e-01
