EdgeArray
637 650
238 801
718 721
1510 1526
480 719
93 730
141 159
750 974
32 1155
1583 325
775 931
867 1060
72 932
1237 1251
1792 1671
667 695
283 290
1732 1742
1011 1225
1558 1318
1598 1830
1477 1493
84 112
463 676
1196 1204
396 454
628 865
337 339
894 1057
1685 471
1401 1406
1035 1037
1211 1310
451 1084
1752 1770
734 754
1467 1495
1628 839
610 618
1386 1398
13 723
134 156
653 777
898 916
1055 656
1307 1334
1030 1409
1026 1416
780 794
54 81
253 349
262 277
952 953
1314 340
1680 1755
1633 1859
277 308
1294 873
1403 1424
1806 1504
1132 1180
1782 79
1769 1799
744 843
879 907
1025 1094
143 297
6 954
1613 1652
1010 1029
5 36
1537 1539
1798 1813
327 438
1333 1437
1737 1747
108 211
379 445
995 1129
1117 1119
238 254
254 375
244 917
1343 1371
1778 1791
8 133
611 634
1541 113
927 941
551 120
1286 1304
1376 1382
532 715
804 824
1808 1820
111 122
1426 62
455 479
1455 1457
1696 1704
1290 1522
1144 1166
694 317
1070 1075
408 1112
1099 1123
1027 1049
809 939
127 245
1270 1280
1861 96
1056 1448
12 112
1546 1564
813 1243
13 241
676 1912
137 300
1430 1453
219 346
837 1176
979 1007
1642 1653
1063 1082
527 534
809 1809
289 290
680 682
1579 155
672 677
1505 1518
1023 1266
412 437
1066 1085
950 1101
1699 1721
1497 1015
1516 1563
424 433
1037 1635
730 900
1248 1468
1072 1074
153 287
366 367
754 763
1827 1831
240 453
788 891
407 429
771 921
516 524
522 526
958 767
569 66
32 257
815 845
1093 1108
977 989
1839 1854
1362 1389
27 56
374 377
1549 1551
1598 1605
149 1313
55 308
1768 679
82 302
819 833
1376 1406
1646 868
1714 1735
746 748
374 325
976 983
502 525
1457 1711
1357 501
1585 1602
1523 919
599 1532
69 79
881 911
693 707
1478 245
24 31
880 908
1278 1293
778 791
363 509
1699 1729
1719 1742
928 950
706 938
1104 1107
1896 1311
1368 633
133 139
1317 1327
1512 477
418 1353
1022 1051
1781 184
556 442
852 856
368 383
1082 1107
736 749
1295 1304
1778 1780
240 402
992 1217
55 67
1076 1083
1402 1531
80 63
1687 1754
218 245
1247 1878
493 691
1564 82
1441 1544
1485 1486
475 1635
326 141
1151 1163
1206 1267
1345 1761
121 145
429 489
907 1068
438 454
1095 1125
1292 1540
1448 1453
130 132
95 246
389 409
727 758
90 118
1221 1159
606 628
1204 27
1825 1291
344 374
571 1322
1411 1481
1622 1626
1637 1653
407 422
179 309
1629 1653
1030 1034
1433 1579
1632 1879
1173 1187
1228 704
882 913
257 58
460 473
1639 1660
658 1162
673 864
270 1179
135 155
1557 1586
323 396
757 972
1111 1127
1509 1516
19 176
74 258
209 413
1373 1386
1286 1402
510 525
496 732
1436 1467
484 509
211 217
581 452
1038 1251
1854 1878
63 72
234 261
1091 1118
622 719
580 668
1163 1361
841 862
1891 1919
1142 1246
1915 0
1317 1348
355 816
213 1726
432 462
196 378
1519 1543
553 573
1142 1203
1586 1603
397 1356
290 291
777 944
715 724
774 494
1833 1439
415 481
1103 1134
1302 1538
1814 731
328 1778
926 1189
1054 1085
1419 1634
542 557
1574 1593
463 702
1621 1626
852 1024
1082 1095
264 313
1258 1398
550 581
1647 1655
598 604
1371 119
913 917
147 271
49 64
1501 1514
1663 1694
40 46
1142 1170
1790 1803
1321 1461
271 285
523 578
1356 1364
720 427
688 717
969 989
1248 1253
232 249
1847 1872
1232 1253
856 995
1861 98
1040 1293
534 537
722 859
1143 1319
605 607
1345 1372
1393 1402
1302 1325
926 931
1325 1737
1741 504
1022 1039
257 449
941 953
1041 1065
1749 1758
1216 1244
1407 1186
1125 1146
162 278
325 356
136 798
485 744
1119 1347
1075 1575
821 826
1352 1372
1029 1034
570 571
1184 1059
623 650
1338 1496
876 289
1371 1330
921 949
1405 965
1299 1514
34 40
366 14
516 536
116 927
3 27
1021 1029
462 467
177 207
178 388
50 470
181 184
524 530
1391 1411
1662 1682
1447 1476
11 720
1650 1665
444 382
975 988
1388 1195
176 230
1565 1495
401 417
925 813
1840 1859
501 509
1832 1863
1860 1884
67 101
946 950
1148 157
387 1876
1162 1291
1683 1687
485 509
858 884
1824 123
1749 1805
658 673
1850 1872
1552 1583
713 987
799 848
674 803
1135 1156
58 1883
317 1690
999 1195
787 797
277 290
458 677
96 1113
937 811
1499 1647
1083 1113
1189 1234
869 899
867 548
599 604
591 620
65 85
124 1591
840 847
1298 1320
939 1100
560 649
1669 1671
1346 1372
1471 1616
1419 1448
227 241
674 705
1236 1256
1756 1759
464 467
392 395
1127 1153
1694 1723
1233 1402
1342 1356
473 714
933 988
221 424
162 357
1277 1427
1490 1649
54 1844
462 493
309 318
48 106
1594 1623
1892 1904
1802 76
1171 1218
1552 1688
643 864
1298 1490
720 732
1010 390
424 562
982 207
1224 1225
604 621
1661 1878
334 389
1214 1426
231 234
1121 1208
293 298
660 673
271 59
903 913
771 777
833 856
1553 1807
455 547
1572 1577
1791 1871
769 772
796 811
61 1755
480 553
516 434
773 803
52 446
1128 1157
697 728
915 1039
1337 1071
1844 76
1787 1594
45 63
210 241
732 956
168 983
1043 1067
1250 1370
422 442
445 471
1625 1649
83 322
1546 1568
1906 1308
328 335
764 997
924 931
215 1150
172 1376
793 849
572 974
141 318
1671 1685
1747 1762
1055 1303
1181 1730
428 447
796 820
385 413
344 389
1053 1157
50 54
267 284
543 1643
641 733
711 714
1864 1815
208 1610
92 112
698 1827
1240 1247
1376 1401
578 681
853 1025
478 503
1526 1536
73 93
578 581
521 540
164 258
1500 1798
562 564
1624 611
1448 1494
812 835
1778 1312
1918 741
330 352
1883 1914
1058 1082
1181 1183
646 1345
1624 1867
1403 1433
123 133
652 923
1878 1881
1814 1882
1226 1392
1753 436
460 594
303 324
1699 1716
28 123
557 830
1583 1602
1570 1576
831 125
750 169
1420 280
1423 631
927 953
1411 1416
43 65
1089 662
713 385
813 825
1356 1381
1094 1805
1172 1229
1631 1814
360 362
907 1379
1727 1751
633 1855
1873 1884
1018 1037
911 930
843 865
1725 1748
227 1761
667 684
1808 1313
1028 1853
860 868
1772 1802
1227 1418
1055 1751
1289 1443
1863 1877
1548 1570
850 860
1357 1586
1680 1704
1280 1320
1380 1502
349 421
1760 1776
1247 1725
134 164
89 1521
2 21
958 1122
1719 1721
162 387
834 857
728 730
735 52
1129 1141
980 1009
506 524
859 41
961 982
1244 1250
1596 1766
946 961
1726 557
915 929
1486 1712
1496 1502
1438 1456
1460 1615
1869 1874
954 1050
1592 1678
1882 42
477 485
1859 712
172 1407
740 751
1098 1274
1570 1632
1565 1594
1487 1238
109 206
84 1311
1901 0
935 948
477 494
964 983
1857 1867
550 556
1729 1741
1380 1397
1837 1856
576 588
948 953
641 670
1126 1142
137 281
1655 115
992 1013
301 327
468 500
1807 1828
1188 1211
65 81
1659 1664
506 1228
1810 1258
1082 202
47 1112
1295 669
1331 1332
1657 825
944 1034
532 563
1831 1915
675 683
1514 1536
177 1496
1658 221
1095 1658
1896 98
1666 1906
1015 1157
467 440
1186 1191
476 1746
1802 1816
1678 1699
1573 1775
1093 1198
87 714
666 694
1578 1597
1321 1473
580 587
1840 1853
887 1317
759 979
1735 256
1184 1202
55 72
496 1725
221 234
1192 1193
1275 1555
764 939
164 1129
1042 1234
605 624
635 640
862 865
185 208
1301 235
619 644
1772 1796
388 396
245 398
839 864
17 1883
955 966
1759 1781
1752 65
769 790
1872 180
838 865
1457 930
1216 1433
1540 1588
789 998
1516 1716
438 442
1188 1338
1717 1878
7 171
21 1358
1197 1218
1831 136
59 84
964 982
1514 1637
541 1363
1296 1309
48 1701
1801 1901
786 796
768 1756
1415 1454
1518 1519
1104 193
1765 1865
135 306
1360 1384
1681 1872
1077 1308
594 814
1707 1738
276 513
967 984
1549 1553
992 998
459 461
348 561
1345 1359
572 581
1252 1263
1543 1662
869 1049
1860 179
1035 1063
261 269
780 261
1236 1361
1611 1366
511 624
1091 1163
920 922
1193 109
575 772
1802 43
1697 1717
318 1857
1784 1785
28 43
990 1008
1131 1149
1226 1227
211 753
725 727
877 889
860 869
612 500
320 1391
1314 1562
1907 1395
1714 1734
482 1383
1441 1457
138 147
612 638
388 402
1601 1631
71 74
1756 1761
1065 1077
391 1908
826 828
1545 1558
1918 240
1720 1732
56 85
1773 585
1282 1313
583 602
49 236
729 947
1697 1720
965 979
669 1869
1670 1701
564 1439
411 412
665 674
549 683
822 999
76 87
552 970
1865 3
259 260
1807 1864
242 489
489 543
440 444
536 1516
857 925
277 342
633 847
885 1009
1585 1604
1189 1193
99 482
1189 1201
1252 1282
1359 1376
1696 1706
1393 1484
380 769
1878 1888
893 912
1825 1838
548 728
1697 692
790 1053
1506 1534
65 85
1739 1766
1626 1793
1180 1907
988 1066
649 654
875 930
791 818
1387 1860
796 827
1796 1821
1468 1480
233 250
1198 1508
1291 1320
1884 1896
269 279
742 764
1247 1265
1218 1223
208 232
380 395
1462 1103
146 656
849 1893
531 561
1915 10
131 141
29 1448
1375 507
671 695
842 856
1302 1346
1798 1828
1414 725
1123 1145
591 825
469 539
758 1000
315 328
1804 1834
229 260
1270 1276
874 888
1702 1711
1782 1786
727 735
583 1103
68 1880
1433 1336
971 978
964 984
154 909
1228 1229
1596 1723
1630 1649
143 335
1816 1285
100 131
1255 1285
1569 1593
996 401
123 135
524 529
432 985
1231 1261
124 142
1765 1777
1344 1919
1913 11
402 611
166 192
1398 1165
1089 1680
1883 33
120 148
1716 1729
1124 1480
961 982
1503 1072
1632 1800
1238 895
597 768
206 230
1331 1362
459 483
1031 1046
1262 1290
1802 121
973 990
1295 1318
626 634
1397 1400
1486 1516
163 181
1476 1494
420 445
200 1814
57 58
494 495
1614 611
962 1449
791 799
1185 1195
482 486
817 1601
154 161
923 952
379 391
1849 1854
1021 1177
1875 1878
711 201
1627 1653
1512 1609
1432 1661
314 327
200 253
564 214
734 963
73 75
5 7
623 1349
606 843
1852 1864
1818 1910
1362 1392
1673 1691
407 452
983 1233
1153 815
1174 1311
963 1757
104 1824
1406 1420
1832 1901
1148 1669
22 99
1598 1599
767 698
1381 1397
130 798
1164 867
815 1040
846 985
511 1782
1244 1250
1633 1643
723 780
445 449
465 1897
52 247
959 962
1633 1861
864 874
588 594
530 558
896 1263
1710 1716
1601 1629
537 546
1589 1612
735 985
1763 1777
1625 942
1610 1729
313 318
1427 1444
1052 1059
258 1880
1833 59
708 721
881 912
874 902
1105 740
872 628
806 836
112 340
978 1086
226 228
1210 1399
1472 1492
951 969
1097 1107
1593 1623
144 1189
1624 1828
1488 45
80 99
765 1013
1448 723
852 934
105 1190
570 583
1482 1507
1071 435
835 839
201 225
429 728
205 220
60 90
185 201
1615 1691
1817 1822
1451 1472
760 787
654 676
710 891
1745 1761
379 408
365 366
565 677
847 848
1393 1547
1553 1731
230 247
1630 1672
515 720
443 447
383 421
841 1688
483 1568
39 59
1186 1259
132 140
897 904
1177 655
1132 1143
1118 1141
685 875
1132 689
70 76
966 982
1880 1456
1056 1057
1765 1784
891 922
1077 1097
1754 284
657 681
1306 757
1014 1037
1359 1371
572 996
1526 1539
1288 1305
1602 1700
1696 1712
1080 1087
1354 1356
1879 1890
1284 505
620 623
7 13
187 247
1078 1685
1082 1102
569 418
115 141
230 895
1018 1039
1790 1895
866 878
1154 109
690 720
815 828
1909 33
1326 1346
1076 1091
1368 1385
1185 410
1606 1638
114 116
196 212
1619 886
1535 1457
1523 867
177 204
1739 59
155 1322
523 543
117 144
882 902
891 1249
1635 1672
1737 1743
634 867
1847 23
99 102
143 230
1409 1816
248 264
1579 319
1582 1636
938 1097
432 1437
131 137
173 416
608 853
1805 115
940 971
1127 1139
185 217
757 955
1074 1089
685 1461
80 101
435 1140
1452 1464
113 264
1637 1858
1212 1229
1410 1627
1419 1017
1674 653
1208 1380
1564 1729
1495 1510
96 1819
1163 1166
200 1557
1482 1604
22 42
1744 1745
877 897
143 980
1867 1031
214 1802
1554 1581
1759 573
1821 1831
1017 1109
810 491
807 808
1797 1546
255 381
1537 1644
1661 1687
449 474
895 910
1678 1692
1724 1732
437 665
1532 1788
656 661
654 745
6 20
218 1919
762 777
1833 1851
1016 1035
339 588
1311 1317
391 643
121 125
1787 1918
1154 1204
1828 1109
1252 1287
1200 1217
1226 1073
792 24
1236 1239
1042 1055
1841 1846
463 583
281 495
1129 1132
235 263
1520 1532
642 787
1718 1745
49 61
43 733
1809 1871
66 299
63 79
730 743
1817 107
770 799
416 484
1229 1241
1345 1424
1494 1495
912 938
1403 88
344 359
506 918
667 858
955 1188
669 683
403 534
1857 1878
75 105
1838 75
210 446
1372 1395
1286 1314
1385 1416
341 466
1535 177
719 741
835 1079
1333 1698
1763 1779
251 263
377 396
1085 1092
317 514
687 787
1513 1562
1577 1593
844 862
587 108
76 1641
453 476
1438 1493
1483 1252
3 13
659 772
1716 1760
1894 1896
1890 1904
880 897
1520 1549
313 315
171 178
125 711
927 1537
279 284
106 282
1189 1222
1239 463
497 519
1510 1508
779 786
971 1212
1785 1890
310 187
1349 1533
1900 1590
150 152
1207 1278
501 524
1118 1142
757 765
1706 1712
686 709
746 774
165 191
1461 1480
189 207
912 923
1710 1729
1812 1153
948 962
288 401
1576 1588
131 146
1332 1578
1911 22
960 973
1431 1443
565 576
1316 1337
790 717
1039 254
768 771
1060 93
138 795
846 851
1733 1905
854 878
1537 1555
883 1651
1918 175
340 364
1849 1872
1406 1588
407 421
843 858
975 993
507 1200
914 938
789 82
1666 1705
352 412
221 249
557 682
198 213
766 776
367 373
278 294
372 387
1184 1210
256 274
1392 1396
14 277
997 1027
1108 31
301 307
1113 1118
1267 1292
1658 1719
313 319
1127 911
456 607
869 1047
353 436
878 903
286 308
775 822
1066 1244
1760 1780
639 157
699 704
608 659
327 340
33 59
1789 1790
1586 280
1150 965
1691 1704
1355 1361
392 393
1194 1203
1369 1381
1631 1634
1639 1664
172 202
1029 1198
1833 1852
951 973
1281 1298
1346 1351
884 1666
1383 1396
1902 183
57 87
515 1503
216 228
1050 1685
1461 1655
1276 38
777 784
1070 1099
807 286
170 265
1581 1608
1640 1762
501 514
148 231
1831 131
1577 1754
1173 1188
435 1829
1760 1764
1170 1368
32 143
21 566
1147 1159
323 519
1855 1918
1225 584
1425 1434
1301 1322
983 992
521 552
703 720
677 819
738 753
751 779
841 846
1475 1490
1320 1343
1117 1661
1057 1062
250 264
1709 1766
1607 1610
173 345
1840 602
1903 1915
330 333
1239 1355
1174 1196
1068 1087
954 238
1081 1209
1321 1326
919 1426
1471 1669
727 743
1230 1623
138 144
1191 1220
1488 1290
1837 1844
360 1839
746 1565
1468 1811
1630 1039
1910 163
1629 1639
1787 239
581 607
1275 1291
432 454
665 1140
1209 1333
456 1239
917 922
1334 1335
372 385
812 820
1533 1665
72 94
1400 1418
469 482
161 582
212 1792
894 926
769 783
1043 1050
1135 1254
353 535
885 1056
533 542
1482 1483
1898 7
1155 1130
142 165
1119 1124
864 881
241 255
193 211
1760 8
1285 1369
1337 1367
1350 1600
884 783
994 1167
815 1004
643 745
1647 1666
1804 1829
730 891
519 767
108 207
831 845
1551 1560
577 600
1224 1436
1878 1900
545 737
474 552
832 852
200 355
1118 1170
88 232
1836 1849
147 164
1383 1484
723 799
1274 1289
637 885
471 641
349 51
651 1322
203 107
654 662
179 302
932 1041
1838 1862
596 848
1162 1388
1303 1493
1053 1072
1756 27
201 317
178 203
1782 1805
391 392
1702 1710
58 81
696 1755
1691 1616
1614 1619
716 1758
1677 1697
829 1000
1912 1136
1322 652
1658 1013
45 1813
271 289
259 273
652 13
147 1860
552 713
1681 1690
1771 101
1159 1173
1718 823
1568 1585
995 1005
1395 1593
827 1003
782 792
1328 1351
1319 1537
509 518
83 112
1687 1694
1074 1802
956 981
1169 1222
1619 1637
1165 1004
176 197
1008 1012
1475 510
1425 897
1095 1660
993 1000
1906 13
1862 1865
1876 1884
1308 1230
1907 170
1612 1639
1036 1093
117 1583
630 659
617 637
1776 1901
1665 1763
1757 1758
306 456
198 203
1381 840
416 437
1480 1638
1261 943
97 110
1623 1631
1453 1469
1336 1344
467 477
486 221
1309 1323
671 692
1374 748
699 707
84 541
969 995
1324 1345
905 930
1428 1360
87 95
383 815
936 804
736 761
707 1323
188 247
1324 878
736 761
1205 1396
984 1148
803 1002
55 58
1351 1358
222 128
1784 1785
1405 1434
1016 1034
1445 1472
1596 1829
1579 746
1073 1495
1429 1400
1533 1556
1043 1298
1641 1659
27 36
851 1137
1338 1365
1160 1176
1413 1429
111 342
1654 1655
739 745
827 831
64 99
1242 1375
225 233
1646 1652
339 7
1773 74
536 400
1031 915
86 133
691 708
1088 1248
1069 1088
1561 1775
547 770
12 42
1584 1592
755 768
695 723
1373 1381
361 492
741 756
1281 1304
809 819
1684 1686
8 38
811 957
369 372
962 971
1898 994
1870 1023
1435 1463
770 805
1130 1514
1905 180
1777 1799
893 922
1328 1354
1856 1879
1416 1429
397 1918
1868 90
1757 1785
243 399
210 894
684 803
9 1294
1341 1346
74 283
1221 1223
1201 815
1244 1252
370 387
1292 1311
748 943
1151 1112
404 423
350 393
794 801
1036 1044
1073 222
999 1012
1864 166
950 953
723 959
380 435
783 805
1363 1373
1168 1191
1064 1082
830 616
829 978
1247 1431
1426 1428
1299 1540
111 120
1721 1733
1464 961
917 1743
1080 1534
833 941
886 904
744 839
43 71
726 739
219 238
895 912
1000 1234
1028 1040
282 284
186 423
826 828
1276 1295
451 482
1470 1489
776 784
310 431
929 951
271 50
229 232
1440 1665
69 91
1599 1611
1209 1284
1478 1020
1446 1463
1416 149
43 80
1045 1047
1094 1280
1032 1158
326 1550
1381 1385
739 756
971 1141
1550 1554
784 806
927 933
945 1086
464 470
1874 1891
1820 1841
1557 1578
1511 1518
1507 85
1859 1871
678 746
1049 1023
573 599
361 380
1267 1270
515 531
981 1249
682 701
52 257
1091 1114
668 797
1246 1259
355 564
717 927
1255 1286
1265 1279
387 416
224 337
1866 1873
1231 1356
92 121
982 1172
398 414
888 1081
1017 1085
72 267
608 1472
1801 28
723 117
401 1800
354 370
267 288
1009 1099
538 757
832 848
1152 1261
332 31
1646 1677
204 221
33 704
159 175
0 7
845 192
79 1583
316 27
582 963
733 748
1414 1421
504 508
1413 1427
1088 1107
351 358
1411 1432
483 726
258 279
997 1006
1474 1484
365 616
1543 1569
998 1025
868 882
845 983
1618 1625
909 924
500 518
835 838
902 926
1547 1576
1500 1587
845 856
1868 1894
1479 1658
1656 1835
317 1893
1291 1322
298 478
1877 1895
1585 1588
404 1177
1366 1582
1102 93
541 558
266 369
1894 1898
1565 1577
302 323
1879 1908
643 748
1172 1191
875 1097
429 1690
1235 1265
1716 1728
1147 1169
1711 1735
1693 1612
1868 838
1521 1535
1562 1737
331 351
1907 0
1348 1475
37 105
409 423
1256 1360
714 743
1483 1634
1575 1590
26 279
1150 1165
822 849
310 341
967 984
174 194
212 219
381 395
79 100
1451 1668
794 815
1249 1256
157 82
1823 286
252 272
1191 18
697 951
1080 463
757 776
1889 25
1065 1091
1867 1888
1525 974
963 971
1327 1333
187 199
79 88
687 882
1425 1445
973 1184
687 695
688 700
1854 46
1869 1872
10 29
996 1010
1474 1200
978 990
1323 1467
502 277
1407 1435
1343 1354
1540 254
1741 1891
842 507
1213 1241
1116 671
1917 26
626 640
566 577
502 529
35 1589
1456 1460
371 17
1598 1617
133 166
151 155
1906 3
223 243
310 1339
1883 19
1695 1698
1450 1462
797 807
1498 1510
839 387
701 725
870 892
1750 1621
1668 1692
503 529
1685 1701
1798 1256
1246 1842
1887 1900
119 1352
620 707
1549 1579
1243 1622
1879 46
503 532
1338 1352
604 618
970 994
493 501
1478 1548
855 884
1076 1083
672 1668
1144 1167
324 335
778 797
180 1420
650 721
1485 1044
785 811
489 1916
1692 1697
1090 1102
490 679
685 712
305 531
1700 848
547 572
1914 1526
729 982
984 1021
753 754
1140 1147
1174 1175
851 684
1705 1725
345 346
863 1325
1489 1492
1274 1512
8 32
1870 1261
1371 1052
1224 1246
639 736
589 609
225 241
1422 1445
1269 1124
1546 1713
1127 274
1700 1911
1845 1890
546 574
720 743
273 291
1363 1114
127 131
420 439
80 1501
1037 468
1300 1320
865 1016
206 228
1870 1887
75 122
1871 1884
1768 1787
127 1701
1859 1875
1693 1715
476 497
1866 34
139 368
1182 1203
293 294
640 666
834 878
1591 1906
254 283
1553 1568
972 1002
1212 1363
1051 1273
1064 1085
1248 1274
504 737
1912 242
1186 1344
424 439
544 59
267 446
486 523
1056 1755
1901 1765
260 271
167 187
7 102
1459 1479
1410 1527
1734 1739
1548 1794
533 606
1364 1186
639 746
1201 1206
989 1025
578 796
1762 1790
1426 1459
1388 1413
575 582
1122 1325
1298 815
103 127
1201 1887
1886 1916
1284 1415
563 73
509 124
1009 1022
214 234
312 316
1286 1314
874 905
449 457
1225 1246
1785 1792
1831 1246
276 288
1918 1919
396 403
745 749
1617 1543
918 938
194 207
743 746
1253 1282
244 260
193 218
606 624
1779 561
1605 1636
1054 1057
1093 1109
413 601
1864 157
1664 898
1768 1767
1804 1829
1334 1347
1020 1036
682 1154
1358 804
1620 747
1747 1749
727 753
118 124
1 4
736 944
1293 1298
700 94
772 1797
774 782
1609 1627
100 128
123 197
1377 1427
1366 1289
1205 1214
323 352
226 248
619 637
169 187
342 352
273 292
520 1523
292 378
455 1105
136 143
668 1091
41 617
1179 1193
97 110
217 274
144 157
1635 1662
175 200
1370 1745
1504 466
307 331
1535 1782
1027 1186
1688 1825
929 985
959 1763
1784 1863
1917 24
986 1127
387 1001
484 583
260 1174
235 1248
1569 690
317 1684
1881 751
397 594
113 284
887 894
1464 1536
862 889
1412 1323
1690 1698
14 39
1679 1689
1517 1743
1390 1399
849 863
1106 155
486 918
1864 1873
47 191
709 1903
520 533
659 886
1812 1784
1015 1038
1754 1878
714 723
1569 1872
425 430
1794 1805
1868 482
1734 1746
1613 1623
1669 1671
164 191
1909 105
652 665
103 305
1011 1175
1086 1521
940 963
1270 1336
126 133
52 80
567 592
303 330
1816 1832
1675 1695
930 947
343 368
530 1729
204 217
701 1614
626 641
20 88
1702 1706
503 633
994 1020
1507 1569
840 841
1500 1570
107 113
374 539
353 478
475 464
1342 1458
1332 1407
994 1372
557 577
689 719
446 464
1594 1619
937 1043
1365 1387
1250 1393
1035 1052
419 439
1584 1597
1088 1114
476 485
1520 1535
952 1085
433 452
1596 1790
18 19
944 972
961 986
606 688
860 975
228 239
724 889
592 1547
1402 1131
790 40
1458 1475
1189 1218
1 828
368 387
1209 1234
292 297
331 386
180 188
1750 1769
138 151
1517 1518
1532 1558
107 980
468 493
1133 1164
1877 1887
145 162
88 1764
230 235
981 1142
365 298
501 111
1221 441
56 76
1551 1569
30 36
1339 1370
348 513
1775 1822
68 264
1324 1540
1722 1911
183 203
1815 1833
749 439
253 980
285 872
1079 1306
1490 1499
1747 1770
88 1084
1677 1734
73 526
92 112
266 475
983 1010
1645 1676
829 853
1775 1804
425 1052
1404 1411
1016 1020
1042 1063
1381 1390
1128 1152
13 33
895 761
50 65
1647 1754
346 347
1674 1678
578 750
1183 1196
939 949
1356 1374
328 3
417 420
1181 1284
1442 1443
49 253
612 1054
1437 55
1408 1419
207 209
1275 1891
1637 1849
36 162
1241 1271
1724 1729
1264 1493
1366 1377
549 581
190 205
784 891
579 603
1331 1344
1453 1462
1384 1415
1512 1542
412 420
18 36
795 816
1094 1452
25 49
241 1273
32 44
1008 1021
1542 935
1389 633
657 844
1867 45
411 437
1544 1555
1835 75
1489 475
1689 219
660 1743
1319 1523
1709 1797
1844 101
1032 866
1562 958
1304 1327
905 929
1677 1745
148 150
1303 14
1347 665
738 842
445 463
211 290
665 1256
534 662
1429 1075
1674 1699
1382 1366
470 486
634 662
340 349
537 542
509 1731
474 642
81 543
1801 29
567 592
401 410
790 897
170 176
728 951
305 308
683 886
791 978
135 165
131 149
500 501
277 288
1039 87
1703 1723
1322 422
359 525
945 971
882 888
713 714
1758 231
1827 1847
282 309
199 1827
1551 1580
1158 228
785 1481
356 172
1469 1490
1179 1401
1513 1570
1649 1655
1243 1261
1853 1882
750 767
1903 180
1576 1601
1556 1568
363 506
1066 638
978 1009
733 1553
535 566
265 278
1783 1880
245 273
1825 1829
871 888
1504 1609
1057 1085
1654 1798
693 758
235 441
1051 1073
928 935
430 456
419 450
1305 621
958 168
1439 1338
1872 1891
746 132
947 1049
292 749
950 1125
1305 1366
370 391
1559 1577
818 438
1352 1379
541 1887
1506 1514
1081 43
1667 601
1682 1686
913 938
1797 1817
1592 1313
247 277
525 534
1684 1686
1051 1066
346 352
175 286
1650 1663
95 106
920 668
91 98
336 538
1665 1727
516 539
450 471
653 1652
297 323
773 797
322 326
1179 1204
542 872
1403 1416
190 1832
462 472
260 263
1373 1226
220 399
897 903
1508 1569
338 368
933 946
1679 1690
885 907
221 347
129 186
207 233
205 207
1761 94
1721 1743
1644 1654
1907 1913
732 1656
533 542
1810 7
1426 1435
575 643
958 961
1566 1709
1581 1606
262 286
1469 1470
573 584
203 209
1919 208
1237 1319
1855 1880
1072 1097
1512 1521
252 1550
798 563
1003 1025
935 958
542 548
1409 1439
872 986
632 805
1811 1829
1038 1049
538 545
1305 1473
1590 1593
818 889
865 896
153 176
831 1000
1764 1790
1431 1452
1169 1564
902 972
1004 1009
1402 1404
772 863
1800 1168
1454 1835
20 29
219 248
1104 1178
1854 1874
1527 1539
1353 1390
771 800
209 232
861 865
1650 1661
1223 1249
1809 1819
1273 1346
420 436
713 728
947 964
814 820
1209 1444
979 1000
531 278
559 560
568 82
1030 1033
988 304
1411 1431
112 130
1444 1467
737 740
1836 1859
1514 1539
711 1659
1821 1823
473 493
1524 1600
549 219
739 842
130 194
1334 1566
797 1814
53 66
1738 1864
833 1373
832 949
949 776
1023 1025
128 342
160 179
997 1148
1663 1684
248 255
922 429
834 865
613 701
268 271
408 422
333 765
873 903
1410 1439
762 445
304 1841
491 512
620 803
112 1905
555 1404
475 476
406 422
1059 1087
1820 66
624 671
1896 1897
278 525
1130 1240
767 793
1115 1130
906 1444
1277 290
926 937
1769 1781
1893 120
1519 1537
1044 1075
689 717
640 844
627 711
281 287
752 762
960 974
1688 1775
1014 1024
367 387
1415 1440
68 95
1771 1777
1128 1164
1776 1801
663 774
289 1347
792 1004
1046 1058
1368 1579
472 670
1068 1072
1003 1622
390 420
223 228
1711 1719
1554 1561
116 275
1509 1526
671 718
1751 1886
1211 1241
796 802
417 426
741 745
1803 542
269 1170
1687 1694
1020 1248
70 124
901 964
1833 1836
1337 1360
1107 364
1454 1476
359 371
1505 887
1797 1813
1537 1550
47 756
485 625
412 414
1570 1578
1129 912
16 36
961 978
1219 1228
529 545
83 107
662 25
928 953
1917 11
1024 1142
106 128
1787 1797
946 972
943 744
39 70
583 1495
298 307
946 961
756 770
521 525
1478 1482
1353 244
378 382
1108 1115
865 878
345 410
554 562
57 300
1842 44
975 1002
1347 1370
291 359
242 669
1151 1299
515 528
1579 1672
1885 1890
1728 1745
740 753
847 866
1095 1750
1574 1593
126 323
1148 1692
1412 1419
1872 1880
1328 765
1544 1566
311 565
1313 1467
1051 1081
1600 167
1750 1768
1389 1392
530 1479
1500 1513
362 385
444 857
441 464
1619 1621
184 387
1731 63
1405 1427
1074 1279
1730 1755
470 548
1578 1764
956 970
596 622
1099 1340
308 468
474 501
1495 1722
1527 1632
1741 1812
563 192
1688 1694
1442 1307
1298 1732
360 371
861 961
418 436
970 1754
427 441
910 920
1544 1567
198 1094
1307 1330
1826 1857
737 757
1871 1888
1592 1633
129 726
349 224
766 1406
1109 1231
701 729
286 294
1744 1136
806 117
230 256
931 1059
189 207
1292 1509
1580 1586
845 888
525 315
894 908
585 602
327 115
226 254
753 763
387 592
1572 1580
593 605
691 664
1335 1337
1715 1727
303 992
740 750
19 49
1723 1735
948 1159
1584 1594
358 362
435 486
1622 26
102 118
48 71
241 272
673 682
333 469
724 885
786 875
1172 1868
1434 1465
94 111
789 806
1697 1727
826 837
1487 1555
539 555
1120 109
463 633
1805 1830
1897 0
1360 447
909 967
1788 1818
1651 933
493 495
355 390
1423 1476
1417 1447
683 807
801 1010
1304 1331
1580 1602
101 254
126 735
422 547
676 878
1378 1522
915 939
1426 1453
1072 1191
1021 1047
174 188
1128 1148
488 505
1843 1698
1603 1604
624 302
681 1576
1193 1611
157 159
192 320
1146 78
1077 1664
1463 1644
1891 1904
566 594
789 889
1638 1646
1496 1527
438 457
1163 1649
1704 1759
1808 1173
914 1011
856 792
1150 1280
1138 1233
1882 1900
1889 1907
1074 939
1184 1804
290 245
622 784
1792 1820
1608 1637
1773 1832
1097 129
791 806
1827 123
1104 1117
1006 1026
1725 1728
977 1111
1795 47
859 881
173 367
1668 166
1713 693
756 775
853 446
912 956
428 432
1002 1032
1212 1483
376 379
1240 1203
1764 872
1698 796
1101 1270
81 216
302 371
439 531
1628 1633
1404 1414
1107 969
203 234
1455 1667
522 734
861 390
426 290
1545 1623
1270 1296
1477 1722
635 655
684 825
308 752
133 138
460 698
1257 91
488 509
861 1100
1893 1903
74 103
1881 129
788 808
1384 1409
630 1592
618 1702
431 1616
572 584
1081 1096
1416 1429
1599 45
528 540
816 1852
769 850
478 494
559 598
1355 1376
1395 541
1139 1164
109 120
1364 319
1288 1314
1473 1500
823 1873
433 589
1459 1629
165 191
1098 1278
527 1311
1523 1595
1098 1127
1106 1202
1140 1370
593 623
124 299
416 454
854 889
1791 1808
780 933
1856 1074
1902 9
376 1028
484 692
98 123
1648 1841
1600 1605
18 1126
1173 1197
537 1320
1779 1795
700 703
1035 1050
1031 812
1910 21
439 809
261 274
1226 1435
1652 1699
1767 1792
1318 1340
783 788
38 62
120 138
279 365
25 62
1209 1229
1057 1068
513 724
410 432
829 622
903 1039
1862 161
1190 1364
1880 141
460 478
1716 1729
911 1473
297 325
577 638
1263 1264
901 1006
812 988
1665 1675
1708 1712
1829 714
667 695
948 976
134 745
1085 1104
1514 1515
1086 721
1033 1086
1402 1414
997 1125
763 784
601 1145
399 406
1424 293
40 969
1278 1305
1198 1207
505 757
625 646
139 156
533 105
1197 1359
166 181
940 1068
1079 1212
163 1458
857 858
1131 1156
1868 67
625 650
764 767
1219 1223
1367 18
1548 1624
892 1379
163 191
1762 1792
1497 1668
586 595
792 425
468 594
1854 106
1793 1805
293 270
855 1035
773 833
1758 1175
832 848
147 171
847 852
1083 1091
1199 1211
1876 49
1748 1778
645 1173
660 669
245 264
1706 1709
483 212
1445 1466
247 424
364 1516
1732 1754
61 234
1437 1441
399 605
155 179
1116 1217
1496 1521
90 822
641 646
24 225
174 202
1048 1270
473 645
1655 1656
508 1579
1054 1290
117 141
540 1800
1730 1741
360 1414
531 963
1897 8
1612 143
316 443
274 371
1459 1479
1539 1548
1568 1573
854 922
83 94
1845 299
987 1010
1105 1114
1507 1510
479 530
972 993
792 803
378 1879
1509 1525
1150 1228
202 217
685 871
1849 104
560 737
1632 1660
805 812
1806 1820
1203 1233
1063 1855
261 837
1806 1557
1338 1347
251 278
1245 1475
1093 1304
178 206
58 298
1908 17
414 422
1704 1032
257 774
1901 1689
188 339
1058 1064
1257 1351
741 750
1842 1863
1096 1132
1053 1317
1488 1515
532 555
489 520
110 112
1567 1591
1263 1304
289 685
705 734
1175 1188
0 17
943 374
740 767
265 87
182 187
75 99
1049 1069
1240 1384
979 981
1202 1364
525 528
1230 1237
244 273
1593 1728
409 423
110 116
662 682
317 1569
1041 1066
1804 1834
338 532
1018 1271
142 1288
1018 1021
1652 1655
87 108
1101 1129
1170 1172
846 964
918 1144
1843 1287
1273 1302
48 1310
1267 348
1125 576
1499 1509
560 766
1059 1062
1307 1338
747 750
283 285
1141 1163
1786 1066
281 282
674 1479
808 832
929 949
1765 1335
1417 1572
222 228
745 1797
68 90
1617 1767
1116 1132
1413 1833
1543 1752
1486 965
366 1594
1340 1531
1001 1032
1424 1438
340 76
1332 1357
224 235
1342 1372
340 518
651 670
600 614
1111 1141
1493 1527
1830 1849
1204 1230
748 764
1788 1801
902 911
313 1908
507 522
1807 1830
958 1005
1287 1370
1667 722
1452 1472
1774 1789
620 708
1439 186
60 83
42 72
204 20
392 464
1299 1323
1235 1263
763 977
1590 1616
1056 1131
1803 1807
123 135
1529 1545
44 452
632 662
376 385
1779 1799
1365 1467
1861 1872
558 1772
237 268
1770 280
732 738
473 486
249 366
1362 1391
375 404
1780 1802
787 813
602 609
263 405
1564 1588
1715 1726
1283 1322
553 563
852 862
1530 1541
564 590
153 270
1899 1906
1627 1918
1309 1336
326 1274
1602 1532
206 211
1796 1817
364 370
1485 1513
824 855
933 947
1466 1481
1857 1230
1382 1411
1401 1429
228 391
618 744
543 552
716 872
1690 1706
1635 1657
347 354
1377 1408
377 510
1141 1159
80 98
547 567
404 405
112 264
1884 1229
1243 1506
1351 1825
1288 1316
846 332
357 377
1341 257
607 617
1822 21
461 706
1566 1727
821 834
164 282
1249 1272
1254 1268
1892 202
266 283
761 790
1269 1437
1374 1383
541 1065
1730 1908
1120 1123
1826 180
1321 1461
1582 1609
810 826
1835 1854
844 867
1775 1423
1432 1458
1474 1495
47 53
1531 1778
1502 1514
1655 253
1377 1498
1591 1621
666 904
1067 514
288 518
1314 1331
1630 1651
1136 1620
1039 426
1704 1719
331 333
689 694
951 1128
1085 1106
1057 1067
581 592
976 1024
1038 1276
1494 1498
41 425
1300 1303
510 448
1522 1534
983 1045
1152 1182
611 1478
1709 1714
368 398
148 385
1818 986
1034 1150
411 432
882 1017
1164 1258
1858 48
1533 1553
1330 1337
811 818
1809 1821
386 392
1533 1539
426 449
438 447
431 491
738 1487
445 451
1773 1877
1714 1724
1180 1207
663 777
1631 1803
508 528
167 379
794 800
1642 1645
510 347
592 607
1423 1793
1160 1180
401 1423
1393 1415
678 698
695 863
543 553
24 53
231 251
1897 1910
1226 1236
687 754
1708 1736
1240 169
479 683
844 871
1479 537
1063 1076
73 224
803 823
605 608
1738 174
1419 448
1367 696
1437 908
1587 1597
144 1705
1602 1806
1719 15
312 313
1087 121
662 683
204 95
1617 1840
4 132
968 1142
1577 1600
136 162
1020 1031
1606 600
1400 836
422 1829
1141 63
1707 1734
356 385
1351 1500
1264 1360
1219 714
708 726
1599 1625
737 756
1911 987
294 499
1467 1471
1089 1110
1014 1028
46 185
1911 3
26 61
1340 1357
1561 1568
78 147
734 1464
1410 1580
753 765
1475 1668
1509 1600
1502 1513
1414 889
461 522
690 693
1382 1501
175 190
531 554
967 268
664 684
904 378
93 112
1375 1395
28 96
1182 1186
1332 1341
246 307
593 117
938 951
1267 1457
186 193
1891 1910
847 875
1794 1798
1352 1493
186 203
280 303
1365 1368
121 208
556 1421
571 660
1418 1419
522 1700
1616 1456
202 219
590 1124
1268 1295
1711 1733
635 651
1322 1349
1443 1259
310 895
213 225
1255 797
903 1081
546 568
974 1169
1398 1424
1206 1220
1419 1586
1819 34
994 702
1793 1810
1813 1865
1742 1766
509 534
786 1325
670 680
1649 1583
265 266
1294 1320
876 920
1372 1469
1195 1210
1264 1397
327 335
1460 185
1330 1353
569 598
755 757
39 216
998 1155
1495 1522
1701 16
1577 958
63 65
223 473
1435 1440
1277 284
1548 1760
942 749
1222 1240
584 606
295 505
906 1024
685 712
1652 1680
552 555
1158 1168
1587 281
334 517
1828 672
389 406
366 386
1560 1562
1162 1288
248 1081
1587 1590
1117 1207
1539 1630
294 145
1245 1332
1740 1763
140 221
381 1785
871 881
607 610
1377 1388
627 629
1683 1700
442 448
1659 122
1374 275
1661 1664
21 46
660 685
1882 1884
38 68
334 364
1458 1473
1506 1599
1123 959
894 902
375 527
858 286
1428 1439
1254 1443
229 1378
93 1305
246 1399
1379 1404
539 561
1080 1111
1754 17
1101 1124
1805 88
1810 1840
401 419
993 996
911 906
393 1786
800 844
1685 1692
1794 1810
1199 187
972 1002
925 951
1733 131
1250 1260
254 462
1507 673
1002 1006
1287 1507
860 1026
1161 1168
923 996
1235 826
968 985
1877 1898
38 212
1318 1844
1604 1616
636 656
1384 1396
1215 1231
1905 12
1400 953
398 1739
980 38
442 446
1870 1918
1341 1361
938 965
1065 1205
381 1130
336 558
322 386
166 1769
1794 57
1600 1611
910 929
22 25
1558 1581
403 427
1676 1604
1423 1443
1121 1131
1690 1883
217 414
1279 1300
1686 1717
1565 1693
1251 1007
165 343
22 52
1504 1850
757 761
1832 1836
1580 1607
1133 934
1700 1908
1747 1885
1314 1324
998 1027
499 1896
831 1015
1252 1256
600 612
65 133
1704 1753
416 425
1462 1484
839 100
1348 1361
577 603
472 685
260 276
263 294
1555 1566
856 877
1503 1559
151 328
1349 1371
1114 1127
88 109
465 582
1101 1145
482 510
1550 1579
1823 1110
1917 21
134 160
174 195
60 82
81 86
170 324
656 138
563 570
629 1492
1596 1774
712 463
304 670
305 328
385 391
653 682
1623 1743
355 356
983 1072
781 795
902 924
460 601
1656 1679
1694 1712
783 813
1401 1273
1417 1669
1206 1236
621 710
120 1046
182 1874
793 814
1068 1090
187 413
156 163
645 850
267 285
770 774
208 227
321 330
324 344
514 50
188 234
1885 1913
116 147
1793 1821
49 78
1884 54
666 768
226 315
1247 1268
315 318
1013 1024
770 1772
27 47
121 123
593 683
250 361
1803 1818
1333 1348
1325 911
1905 199
407 623
871 4
565 585
1052 1090
1915 780
475 160
990 1007
338 355
1272 1280
309 239
1407 181
1398 1554
104 1512
1775 1801
1432 1444
742 771
1313 1508
197 1346
1062 1068
1574 1752
496 517
1170 1189
275 277
910 1076
1502 1518
1888 170
1589 713
672 695
293 322
731 904
1472 1478
1304 620
1522 1529
1304 1314
831 1063
410 433
238 260
1160 990
182 279
361 377
546 1610
1079 1090
1059 1068
1162 1189
1166 1366
1223 1725
1274 1389
336 360
1433 246
405 432
1535 1559
1344 1373
1001 1009
645 674
1717 1720
1515 572
993 1204
877 1126
1464 1554
974 1002
1699 1700
1236 1246
1286 1482
1155 1226
1732 1907
921 1001
305 324
133 1226
1912 22
595 1764
85 23
50 1626
1555 590
1695 478
275 1563
1636 1655
775 802
237 819
1163 1183
619 621
875 891
1269 1276
1536 1559
638 643
730 877
1725 44
332 350
1603 1782
614 631
535 542
542 783
1889 1909
1784 1787
842 379
649 794
419 436
1081 1093
332 1840
1008 1202
1408 1433
354 422
1217 1233
1217 1237
756 767
1722 1805
188 1268
329 575
1648 1672
1313 1338
1550 1703
1099 1115
1361 1379
399 410
586 604
1214 1236
1584 1599
1493 1515
1612 1637
1296 1311
1627 1523
1528 33
1386 854
865 987
149 837
1124 1133
274 298
321 527
1237 1254
318 1029
774 790
265 290
828 574
982 1007
15 22
1280 1301
913 1096
835 849
1774 1798
1625 1634
195 200
255 264
587 804
848 993
957 960
320 387
356 365
285 1572
763 781
621 644
158 1209
188 192
181 309
425 484
697 723
262 292
1723 1725
1645 1650
190 223
1690 1695
1282 1286
1606 409
651 593
1306 1313
628 810
383 467
1571 1826
1890 1907
1388 825
192 224
59 84
1400 1402
1100 1334
1302 1546
914 1015
1585 1591
1452 1480
1834 1902
1770 1787
1879 1897
375 912
1744 1877
997 1016
942 990
1882 156
547 682
1873 106
78 310
199 227
1542 1560
1241 1260
891 912
1425 1452
1176 1192
1250 1267
1803 1875
492 512
88 104
92 1040
566 575
487 517
954 1162
1503 1517
255 1247
222 225
1551 1565
1558 1564
1559 1573
878 895
968 977
986 1012
1290 1040
610 616
109 119
1618 1640
345 1417
1817 1828
1388 1532
1282 1323
1218 1247
1715 1737
1781 1852
1025 1046
553 780
655 833
576 581
472 487
648 1771
1791 695
1223 1239
920 949
843 852
220 239
1149 1318
202 313
326 547
1826 1828
409 427
1291 1315
1231 1480
1489 1507
1772 1322
1629 1648
985 1153
1453 1583
1705 1727
343 349
729 847
1880 29
432 436
892 901
1534 1637
67 114
623 810
1120 1057
242 101
406 429
1329 1411
1479 1485
704 714
1038 1131
1145 1171
1220 1255
1171 1238
454 1879
296 312
320 357
1529 1557
1863 1885
347 363
391 1583
376 797
1245 1353
691 708
211 230
702 852
609 620
448 456
236 247
965 779
296 322
97 138
21 1408
1153 1178
302 411
886 893
1132 1159
1848 1351
1342 1372
870 888
1416 1434
1836 1858
755 776
1663 384
1190 835
1782 1785
183 1133
246 1474
207 219
1143 470
189 191
1100 1120
1725 1739
365 123
1618 1623
716 733
719 732
197 199
1143 1393
1718 1720
1315 1526
704 656
142 167
326 342
561 565
711 781
1266 1270
1605 1627
585 613
287 402
762 1149
1620 1633
722 965
936 948
725 1091
850 913
125 36
969 1197
1757 21
1194 1217
1676 1692
1542 217
1686 1802
1549 60
416 543
1531 1556
930 1170
683 927
1330 1371
661 705
295 326
898 1017
1603 1623
717 1606
1703 1765
1788 114
853 966
657 684
431 455
728 797
1534 1623
918 1399
675 754
741 910
1422 909
1599 1763
1465 917
243 364
1562 1568
588 1580
1363 1380
586 599
941 965
589 1177
766 785
232 1064
1670 1691
1749 1779
125 144
1651 1880
518 522
499 575
810 820
900 903
1349 1353
1358 1420
1185 1191
982 1607
787 833
1122 1344
1362 1374
1808 1814
1640 1641
942 1091
1508 1526
1395 1420
1525 1730
251 276
0 192
1687 704
1571 1580
1117 1262
837 987
434 1137
1412 1432
1747 917
1449 1580
128 1260
616 694
697 711
85 273
259 261
1598 1734
1280 1317
11 38
139 164
449 475
999 1015
422 441
1609 1624
1689 1707
1200 288
567 765
1037 1247
87 93
7 36
1827 198
1443 1464
1228 1258
447 413
1723 27
264 276
1537 1747
1140 1319
386 402
191 208
1696 1705
728 732
715 733
1297 1304
1207 1474
1815 1907
282 654
534 561
892 917
568 780
1309 1380
925 952
1825 1845
613 642
132 134
352 456
319 1546
637 1148
299 1481
1708 1732
1449 1458
1679 1705
1234 1236
194 217
1619 1802
622 1691
1460 1488
1253 1272
640 777
1200 1265
561 793
1839 1870
517 568
1786 1115
1294 1316
312 320
1457 1477
1581 1601
1040 1067
77 96
734 739
571 760
1822 1835
1381 1587
826 919
1058 1068
1327 1344
1783 1795
1354 1382
1569 1570
920 1078
436 443
382 598
1897 1838
1841 1871
53 54
1113 1125
1811 1823
754 1008
240 323
919 845
883 887
437 459
270 286
838 1740
273 274
304 333
1858 1874
722 733
1012 1042
1623 1638
932 968
1293 1320
819 842
611 769
591 597
1220 1245
508 525
287 294
498 1605
1766 1792
1111 1552
287 369
743 935
1672 1844
1611 1628
395 424
403 417
1641 879
645 650
431 449
1132 1147
1294 1104
1743 1757
1449 1107
1242 1244
821 919
1894 1916
732 741
1672 737
166 1458
1052 662
937 949
1248 1277
371 383
113 183
1220 1222
393 412
1176 1190
1139 1202
1849 162
161 264
301 411
540 1910
1919 345
750 687
270 400
729 829
747 776
722 1836
1028 1262
384 406
556 582
562 566
518 524
1198 1217
154 897
1072 1092
1712 1714
205 206
580 599
1484 809
1506 1523
1344 1537
1025 1100
885 948
697 893
1783 1809
765 788
342 369
952 1005
1179 1208
1257 303
1245 731
370 383
1001 1014
1659 1518
408 486
552 566
817 935
1861 1865
1387 1393
640 650
37 378
574 580
1181 1242
1795 873
278 295
1208 1239
243 274
1881 1893
300 1115
65 1732
1013 1676
781 792
887 910
1242 1271
1109 1150
466 481
630 631
1060 1300
1538 469
278 1882
123 125
823 842
966 975
1143 1294
1633 1636
1470 1699
625 637
879 1294
570 78
1362 1392
58 72
377 402
1682 1689
1208 1456
761 788
1257 1254
1781 1838
758 780
796 801
1623 1773
56 58
189 199
1759 34
46 1595
710 750
1102 1113
1373 804
1225 1243
1881 1911
902 1024
1818 1840
334 1237
1260 682
1493 1513
456 465
1059 1088
1253 1277
1777 1782
1127 1187
803 806
1307 1308
369 387
1912 169
408 1183
1277 1305
1583 1614
1563 1588
818 817
1032 1037
1281 1296
292 314
1575 1598
890 914
816 845
53 60
1156 1187
324 343
181 209
1851 17
1904 11
272 835
571 227
446 513
1361 804
1266 1347
1507 1532
802 1614
227 281
223 419
850 1667
681 773
1223 1239
282 302
1757 1383
707 893
610 705
903 904
1159 1004
609 611
1418 1448
1002 1774
714 1105
193 212
953 838
1539 1728
1053 1078
45 150
513 743
1534 1706
1601 1673
1481 1483
1623 1742
996 1025
333 1278
1484 1812
469 501
543 568
721 109
584 614
17 27
105 1617
240 1748
1208 201
116 461
1290 1306
863 870
1320 1351
566 580
278 1587
84 300
1442 1458
498 520
954 417
1280 1292
751 763
682 707
1580 1604
83 105
872 942
1259 1273
1147 1167
1823 1833
410 563
565 1496
752 970
765 921
63 93
1284 1606
414 623
1675 1677
996 1510
837 864
122 133
955 972
298 576
1029 1217
1125 659
1505 1739
27 1251
1688 1
331 853
454 474
166 1241
1653 1797
525 2
1342 572
1481 1508
1484 1508
1916 1131
53 69
1573 1599
1538 1697
1653 1673
1147 17
1026 1109
574 594
1106 94
836 863
1519 1676
1440 1529
915 943
1387 1395
1218 492
573 603
1628 1720
724 311
692 698
348 1784
1836 1860
717 43
1312 1323
1847 92
180 208
1780 80
201 1805
1728 900
725 850
272 377
835 840
194 208
1192 1341
1038 1069
1789 1815
799 812
975 1003
799 879
1872 1876
1446 1453
1513 1531
149 668
76 79
124 153
1644 1649
705 715
1435 1438
1749 1750
543 549
781 825
868 1699
1365 1472
440 1574
1383 1161
528 987
58 70
980 988
1305 1327
991 1010
921 936
1850 1881
1557 1584
598 606
763 773
1220 1243
1735 1741
280 289
1530 1724
66 302
1481 1496
919 1705
1447 1472
350 475
1744 586
824 852
1742 1744
248 477
1501 1508
1568 1814
855 952
1279 1372
984 1100
1464 1700
709 729
1785 847
760 798
1835 757
1850 1865
1044 1058
1215 1394
1530 1546
994 1140
1050 1056
1709 1679
1676 1853
105 223
961 984
165 167
1816 321
507 518
802 962
785 812
1764 422
1258 1484
472 541
802 1190
268 451
446 470
945 998
1361 263
999 1234
1391 1408
1213 1231
1290 1312
1146 1176
453 498
78 83
766 791
1465 1471
963 971
1022 1050
1587 572
693 347
1109 1133
678 1096
1526 1551
1073 1084
1014 1424
239 299
610 618
1525 1541
1874 1880
538 550
44 632
1811 809
540 563
1382 1407
426 671
1244 1255
1634 1662
1671 1661
1525 1596
247 253
1739 1747
295 326
1763 1801
215 907
1604 1619
1205 1308
590 273
820 826
1314 1342
34 978
965 991
31 94
1722 10
956 977
1115 1295
1510 1363
292 129
1501 1510
1719 23
564 780
443 471
44 197
157 385
1053 1341
1601 1169
829 832
597 644
805 821
1284 1380
1278 619
676 95
828 919
1199 1241
443 468
780 713
1216 1247
208 304
1113 1351
1572 1550
177 279
629 652
616 618
1024 1025
1352 1362
907 932
107 378
1390 1417
995 1167
889 1066
1780 1787
85 116
1845 1858
544 553
1313 1323
1911 1915
1867 1869
461 835
176 200
764 789
1296 1309
494 927
146 1124
1595 1598
443 454
1638 1733
990 1018
1607 1677
1479 1253
1347 1378
275 295
806 832
1151 1154
1436 1521
1702 265
1705 1723
1745 1750
1169 1193
424 439
1442 1464
837 1070
702 720
1349 1366
596 606
1559 1588
1761 1778
851 870
558 568
615 712
1180 1183
1103 1108
274 230
648 1573
405 408
984 995
457 114
843 897
544 562
1603 1633
1122 1135
1438 1449
59 75
6 871
1219 1451
1016 1029
1033 1061
1254 1272
1448 1678
36 56
1718 1726
1545 670
933 1035
108 137
616 632
1817 1804
211 222
1224 495
299 535
216 385
505 533
37 59
106 114
527 1591
633 638
1768 1786
300 321
1097 906
205 217
324 325
793 971
1190 1287
631 638
935 978
1515 1534
1095 1126
612 639
1059 26
1160 1161
1371 1585
244 245
1799 1862
1346 1357
1466 1524
1793 1797
1505 639
856 888
580 1590
1034 1045
353 364
1908 1
1499 117
1708 1866
1310 291
656 674
884 974
403 422
1439 1686
1273 1458
880 911
1832 152
1799 1900
1071 1072
700 92
556 567
1634 1857
1058 1065
1536 1552
601 603
366 587
1450 1554
709 933
414 442
1679 1253
1700 4
1137 1150
849 867
23 35
1689 1718
388 1085
1297 1326
106 109
725 728
1273 1289
335 87
315 326
256 163
1163 1267
1485 1515
494 567
155 196
1234 1246
1617 1722
152 334
950 956
1297 1308
849 866
1395 1241
36 64
1841 1862
1762 1825
1538 1638
120 138
1187 1201
233 249
1679 1692
1484 1499
1409 1437
17 48
479 729
1045 1066
692 722
825 833
556 800
25 387
405 410
1498 1501
171 183
774 319
1182 1201
1553 1556
1424 1455
372 375
60 70
544 663
1430 270
268 1102
747 1568
1838 161
813 843
1191 1202
1721 1750
1812 731
1272 111
367 393
1160 1184
693 835
1149 1164
1373 1404
3 188
1914 12
1395 1519
1754 1878
1385 49
919 950
975 991
1405 1417
1766 826
1436 1456
186 195
1092 1096
205 232
1103 1117
694 710
463 1469
891 908
700 857
216 426
1729 39
206 210
75 239
1337 1349
909 1115
1390 1415
1126 848
698 703
1834 120
619 641
1798 507
795 797
503 513
644 658
1860 1877
641 704
458 154
284 298
1821 80
1036 1061
455 469
358 535
710 713
1085 1173
1740 1756
1388 1573
67 79
395 1427
265 1888
1000 1811
1272 1273
1367 1382
488 496
870 874
795 820
965 981
373 385
1672 1827
1474 841
1084 1103
1540 1558
980 983
1018 1259
761 1601
1076 1116
1238 1255
1643 632
1006 392
367 1166
1647 253
1855 1884
1122 1332
1354 935
1110 1132
4 26
17 29
155 333
1090 1292
1883 1887
1547 1782
1014 1028
1269 1274
1066 1094
891 904
82 1721
1678 1684
1061 1086
990 161
1210 1233
728 1722
703 947
1853 1862
110 40
332 957
288 503
475 496
1577 9
1305 1336
637 802
1345 1372
938 955
662 669
384 1002
1110 1113
1771 1871
1123 1188
1763 1798
1895 230
458 459
16 26
1102 1127
926 1127
1366 1589
1837 1861
163 417
583 679
1015 433
1233 1241
1635 1748
647 1139
129 1227
379 381
406 1222
96 379
1664 322
1603 1706
598 609
1272 1284
54 203
1556 1369
601 1102
251 262
263 311
1140 1631
1396 1580
1727 1740
526 550
30 33
830 841
1392 1397
1 997
1389 1416
617 723
581 612
1544 1571
988 46
354 1022
866 1613
1046 1065
1501 1515
1154 1196
505 626
1517 1028
739 1150
636 593
1120 1259
1356 1359
231 240
1073 1101
897 1840
1385 1637
1806 1832
749 757
1492 1688
744 745
175 991
1890 1893
1192 1212
1061 1290
41 264
962 882
660 684
1004 1032
862 898
877 1054
618 625
1589 1607
840 844
1473 231
756 781
159 177
464 484
762 786
1582 1598
500 567
941 1170
715 720
1187 1231
695 866
495 1589
82 742
1229 1766
132 145
261 282
519 649
521 631
1465 1486
1320 1333
1303 1326
1120 1148
1897 1899
318 530
903 1046
356 381
573 1276
1261 1370
1076 1089
1683 1711
342 459
878 904
156 185
590 774
104 239
1138 1599
1146 994
1690 1808
1349 493
523 1347
716 22
85 95
603 795
195 562
1327 1337
726 728
857 865
234 249
1051 1053
1734 1765
907 910
984 1121
639 793
434 472
108 244
822 853
576 1538
704 249
20 61
20 147
1616 1618
168 1176
393 1215
441 621
1795 1819
103 883
1595 1610
21 1498
291 539
884 947
1713 1723
664 927
35 55
947 1083
1218 1381
1346 1373
1259 1510
482 536
1900 1913
1204 1215
883 954
734 805
254 256
1693 1708
1169 1518
1087 1107
646 895
539 545
1266 1293
613 636
1026 1744
874 600
337 396
1312 1326
182 819
1131 1363
0 246
802 936
1771 1781
1131 1137
1321 1330
1005 1013
300 303
1041 1169
729 270
1648 720
1870 1891
157 187
1490 1516
540 689
1291 1328
560 667
964 1141
679 706
8 166
1708 1738
787 778
955 1210
1455 1464
1681 1695
612 811
392 400
1418 1840
184 204
377 403
755 1324
171 185
1894 171
1380 1382
1397 1421
1384 1409
389 1682
1350 1373
415 456
670 804
23 1172
207 231
1221 1226
10 1080
249 278
1031 473
306 458
595 117
1386 1398
688 949
608 633
259 285
1054 1084
1193 1212
274 427
1886 1745
1214 1224
361 523
1310 1337
811 1885
1712 1738
493 496
1600 1626
866 868
1308 1320
1713 1737
1084 1245
287 310
1919 18
893 934
941 971
1177 1188
1820 1833
918 942
1578 1598
738 418
581 401
1281 1488
1465 1496
1182 1189
743 759
519 538
384 1515
74 204
1752 14
1761 1347
744 210
1597 1620
31 60
1168 1668
1154 20
46 96
944 1077
1268 1355
625 631
1045 1297
655 685
1071 1505
1394 1625
1440 1119
1369 490
1576 468
9 322
539 577
1571 1582
1727 1737
1685 1907
1518 479
642 1377
201 231
1279 1309
567 660
584 807
1758 77
1308 1870
1494 1509
282 287
464 475
1157 878
1080 1095
1837 1864
148 169
724 1554
150 1287
149 163
914 1345
960 979
551 723
959 1005
972 976
1622 1632
1821 1832
331 338
1125 1136
1150 1162
1770 1773
159 206
308 327
1002 1212
410 412
1574 1604
1323 1408
1809 1817
692 795
1029 1767
1707 1716
1121 1138
1040 1045
687 1252
308 291
1568 1598
1692 1851
794 802
1429 1432
681 1676
1592 1617
1354 957
15 541
1234 1262
216 1517
11 42
263 345
662 674
1205 1294
1528 1871
1460 1537
169 178
1911 6
150 171
279 281
929 951
673 799
554 590
1608 1648
817 380
547 202
879 966
339 483
1477 1479
141 213
1874 1881
466 682
814 825
800 1017
339 355
1589 1682
1424 1428
1595 255
1613 1749
885 934
15 1053
1334 1362
452 457
1165 1184
1174 1176
1123 1139
484 624
1303 1309
692 713
767 859
140 167
217 244
1546 584
1818 136
679 709
1904 5
1317 1446
856 885
1887 1890
937 952
584 665
911 1773
450 697
1328 1493
212 232
989 992
1133 1152
816 224
60 85
1588 1591
1651 1660
1149 1170
1352 1668
307 325
648 797
1206 1524
563 685
191 212
1399 1755
288 307
878 897
1532 1657
142 168
302 411
239 243
1659 138
3 25
274 280
1158 620
400 406
546 573
328 329
1171 1414
1492 1495
1104 313
1834 1885
664 673
228 257
281 1579
1178 1190
448 1807
456 475
772 797
634 831
923 942
1886 1911
642 823
1666 1732
644 863
1276 1402
1839 1848
337 538
786 982
394 421
393 547
99 1700
1003 1029
839 926
911 920
373 430
963 980
923 1147
59 80
562 1136
1560 1564
1235 1349
1068 1074
1196 220
359 377
24 92
87 88
1743 415
29 1168
939 99
1347 1488
1738 1764
1438 1661
97 122
361 414
444 468
1167 1183
404 426
900 917
1476 1731
1609 1612
1480 1505
1665 1680
927 936
1078 1103
633 664
1829 1850
1122 1125
1222 1244
752 761
1493 1495
1306 1334
454 463
1441 1639
783 802
1695 1720
373 1081
1354 1363
1517 1523
37 39
916 944
1233 1261
858 864
627 1160
1256 1269
523 533
1231 1244
1851 1870
968 977
1584 1595
969 976
341 660
233 655
1355 1376
1852 1854
1492 1523
948 973
1230 360
1838 20
1288 1306
1212 1213
312 323
1765 1793
1915 11
478 728
1143 1275
19 45
253 260
178 1024
1341 967
1451 1656
1008 1068
1819 1388
316 504
634 646
1698 1809
1769 9
852 1097
1554 1716
1326 427
1234 1236
1473 1493
1306 1334
167 1841
705 721
1433 1681
1514 349
511 1433
245 259
1211 1239
1566 1584
1655 1111
755 760
42 806
545 768
915 927
1361 1366
1032 1179
950 1052
1495 1496
1129 708
710 719
991 399
871 951
1516 1517
398 1176
1742 1758
540 543
466 189
1573 624
299 301
737 971
538 751
971 1767
1329 1734
163 192
1820 65
14 102
1914 1350
1230 1201
1766 1783
1733 1764
1744 1314
1214 1219
462 465
307 391
1669 1756
1391 1410
1142 34
1746 185
1335 1456
1843 83
1338 1346
262 313
1194 1219
1698 1718
1848 1612
348 564
1657 1751
222 398
387 399
1369 1245
1536 1544
1396 1421
1846 1045
563 566
16 37
528 674
1795 1279
609 653
908 1531
1113 607
993 879
1021 1051
1723 1736
1023 1592
1737 1753
297 314
904 1144
1666 1682
284 285
1215 1219
281 297
1359 1363
347 366
234 257
1810 1800
111 1712
1909 1915
1491 1763
801 832
1438 1617
176 303
1822 1114
959 979
386 405
1079 1880
970 971
653 866
1800 1833
132 155
799 1005
1888 190
1712 1715
1307 1318
480 485
955 973
215 216
1408 1415
1762 425
1037 1735
1105 1162
1370 1393
89 308
143 501
566 1751
909 216
1879 1887
1000 1011
890 914
511 524
1662 1689
42 56
585 658
1915 1871
1161 1210
1829 1888
1177 1290
454 1345
316 1506
991 1000
104 115
615 841
1677 1061
306 334
1726 1912
704 732
1418 1433
1731 80
1871 43
439 665
705 707
1674 1772
284 474
1581 1587
1476 1506
1096 749
224 457
882 886
1008 1083
481 198
144 368
1691 1715
1857 1868
1374 1400
790 884
1424 1082
1194 1214
1908 1670
1615 1618
1913 22
924 931
1007 531
1742 1750
629 174
893 899
1812 1827
1686 1191
646 666
405 911
684 691
1432 1442
677 722
1406 1412
344 467
433 452
1828 1855
82 579
646 656
183 205
110 264
899 1199
1750 1492
1488 1494
1616 946
427 479
1385 1405
430 439
932 956
765 771
66 109
341 372
275 1486
1889 149
119 366
1816 1835
1000 422
979 989
215 909
1518 111
280 287
876 881
798 1004
1800 105
51 56
322 535
713 872
1638 1655
271 294
966 980
883 1052
1781 1794
354 374
229 246
1390 980
747 860
1039 1064
240 265
152 218
412 348
505 522
1136 1142
1871 477
1195 1202
706 731
33 41
644 895
421 1394
536 566
478 488
497 517
349 374
26 31
1452 1524
1888 1915
1407 1655
262 387
844 853
128 292
1649 986
1020 1036
1198 1200
1152 1156
440 469
949 958
1126 1141
1136 1139
1873 1902
1757 1765
1806 138
888 1111
225 244
1043 1074
1655 1577
196 301
879 1116
1487 1579
286 326
1194 1212
819 834
827 1062
1578 1605
562 703
607 636
1022 1041
47 220
81 140
342 1024
893 897
859 885
733 761
1504 358
559 685
898 915
1643 1664
311 335
953 976
945 1135
640 658
696 817
111 112
1545 1556
686 711
23 30
797 828
1067 1072
411 422
390 571
1248 1476
1771 1838
731 733
607 1701
1100 1114
1554 1579
1662 1307
692 255
397 398
532 737
745 762
551 560
1315 1339
1469 1478
84 1117
1519 1686
947 978
597 599
343 368
207 221
657 856
1437 569
1540 954
35 3
541 681
1862 883
351 369
499 667
1613 1771
1370 1374
1456 530
1823 63
827 856
1193 1199
873 966
1167 1206
1097 1103
1216 1242
434 1329
483 486
511 547
988 1015
67 629
1750 1768
1329 1338
1646 1663
1791 1810
1135 1155
1610 1649
1145 1172
197 368
659 704
1862 123
192 255
1657 1849
1875 1893
625 628
230 250
1491 1510
1050 1142
1318 1319
1573 1580
118 130
766 966
1606 1626
1337 660
1777 1900
1092 1095
1203 1316
594 794
458 482
557 822
151 1395
447 455
569 633
1842 1852
155 1496
940 1037
530 713
1279 1287
173 180
95 154
801 820
1087 1271
261 420
1429 1456
1325 1352
554 782
1119 1130
1703 1708
614 643
397 466
1902 1832
666 765
477 480
156 285
370 674
1898 7
1866 1867
1856 1898
1391 1409
491 688
12 250
1682 1703
574 649
1271 1277
887 906
322 448
1586 775
1227 1377
382 133
1090 1117
1756 1760
1332 678
1266 1384
1913 10
907 831
557 560
323 352
1614 970
1207 1236
582 700
1654 138
1511 1513
357 387
98 551
1273 1360
77 78
115 120
1453 1536
587 1560
926 941
1913 5
56 81
1001 1024
928 1322
1839 60
1561 1718
827 618
1802 1816
655 878
943 962
415 539
838 1083
1312 1313
694 704
1510 1524
1289 1308
1274 193
375 401
350 371
632 829
854 917
93 117
444 576
1622 701
1180 1184
218 323
1343 1663
1441 1469
237 241
1236 1735
929 945
1268 1630
986 988
1813 1312
1392 1411
34 51
1229 1251
1486 1722
1918 23
707 733
1916 92
1167 1176
369 781
103 218
808 835
1202 1214
358 1326
1421 1625
1403 1409
933 949
120 150
1562 572
1108 1305
1175 1189
1517 1538
335 526
374 531
1375 1421
1229 1239
890 897
635 651
1477 998
9 234
1041 1060
627 787
333 363
610 618
1108 1133
795 818
170 278
1202 1222
1374 1026
1843 1900
347 352
626 633
618 625
1378 1408
778 17
655 674
1389 1404
718 743
149 161
602 612
1902 1247
309 325
1188 1207
1019 1774
1348 1494
1315 1371
980 1146
1295 1534
1259 1874
421 632
1760 1872
1112 1115
483 485
390 421
1836 1807
134 154
1047 1058
1875 91
1287 1296
232 263
492 1556
906 396
1172 1256
1371 1615
1009 1030
1853 153
845 856
1808 132
191 221
272 273
1396 1418
1621 1651
446 457
451 457
1718 1720
1856 1878
371 392
1144 1264
1485 1635
253 503
1224 1253
873 894
1421 1459
965 986
1391 1402
1571 1306
1301 1330
72 632
1152 1163
107 1051
36 1185
781 801
1111 1241
1749 658
1164 1165
1232 1346
95 311
1405 388
678 706
48 201
1093 1096
1401 1404
676 687
804 131
1183 1335
454 464
1916 26
351 377
1372 1446
213 362
779 799
435 441
114 99
602 17
931 937
1196 1223
1909 553
344 358
1645 1810
855 901
1814 1223
1205 1219
1131 1134
86 108
1745 1763
1639 1640
293 784
1089 1113
1669 1682
227 547
218 336
1335 1418
1162 1398
467 454
381 475
1662 1688
1316 1464
1146 1171
589 609
1215 1232
1050 1058
1917 25
643 644
147 203
101 130
1707 1138
30 132
1069 1096
86 92
423 453
833 1086
1158 1175
402 489
569 588
449 473
708 725
825 838
239 259
1026 1028
905 910
1562 362
1017 1018
512 529
1044 101
1311 119
806 1052
615 638
363 368
100 101
1100 1236
1463 1465
380 408
1027 355
596 765
159 160
558 565
222 251
1206 1472
1907 1915
1213 1403
1854 991
497 3
1895 5
1686 1701
1834 1861
461 463
1436 1461
141 1517
987 1013
396 1431
977 1232
1683 1498
959 971
69 753
1368 1382
68 92
1783 1800
808 848
799 732
1006 1024
1185 1739
937 947
1535 1557
114 135
1302 314
1333 1369
889 894
1411 230
1575 1582
1158 1168
532 887
1210 1238
568 592
1121 1141
0 260
706 1913
414 444
1541 1454
1366 1394
1660 1666
280 406
506 803
658 683
1832 1588
677 702
232 329
1601 1610
803 878
1364 690
854 876
567 1841
786 914
296 1822
470 508
1875 1894
759 786
782 1017
889 890
160 163
1503 1504
960 1679
538 425
1313 1319
1191 1384
1086 333
1714 1153
1281 679
1888 1908
362 372
1299 1396
1640 1498
1604 1610
29 40
788 1812
1219 1238
797 798
1786 1790
9 29
1311 1341
1759 1772
238 258
1588 1617
90 1393
599 1732
1753 1784
944 1067
591 846
934 684
423 1261
895 924
720 786
1567 1593
863 873
1588 464
425 454
942 971
921 945
373 404
1659 1696
1800 697
1440 1463
126 150
1244 1262
571 584
1344 1374
1457 1430
4 5
1372 1388
814 1141
465 493
614 618
689 695
456 470
1511 1528
1049 1236
90 117
1079 1394
1522 1541
1497 1503
1392 1420
1010 1020
117 120
449 461
1195 1391
1005 1028
1505 1619
677 704
1826 1857
664 693
661 1243
1740 1870
56 57
613 714
1626 1640
1805 1478
233 239
1751 1754
1547 1673
116 863
900 914
453 457
1521 1624
1434 1463
101 118
825 855
1796 332
421 441
71 1675
1715 1844
670 700
628 123
1865 1867
598 622
1667 1672
258 274
1135 1148
1242 1258
34 1000
77 91
1663 1678
1069 1229
872 1107
1638 1754
364 501
1428 1496
378 392
1531 1193
677 1469
824 840
476 489
957 969
1233 1365
1490 1720
1533 1541
413 426
813 718
679 705
1392 975
912 1347
624 652
354 1371
1914 24
194 214
1901 1917
1135 1306
1693 1699
1814 1825
1667 226
1662 1678
865 1573
592 831
400 413
1025 1050
171 1438
848 944
122 271
450 469
62 75
1821 1862
1094 1103
1796 492
536 777
537 588
825 803
1075 1199
352 372
343 349
1886 1181
896 917
848 1153
1745 1757
1284 1290
157 185
814 842
591 683
91 113
1134 1232
494 512
1459 1466
973 1048
480 510
1013 1026
1830 1854
1753 84
1344 1372
1556 1583
1824 1836
1360 204
1480 1501
807 810
1047 1049
1625 1653
1881 1103
794 802
683 844
778 694
1336 1337
1005 1012
368 392
41 1493
633 636
1491 1496
1615 1627
161 262
899 592
1555 847
243 466
165 167
1794 416
270 275
1022 1352
1739 1751
245 349
1182 1204
1830 1834
530 540
315 1015
69 207
651 1821
561 813
1170 1181
1846 1909
886 889
1300 1328
862 873
496 512
976 1007
730 767
115 1408
447 617
1241 794
1579 1586
1772 673
168 204
920 934
1916 1621
1804 1807
1841 904
1217 1220
1084 1214
819 912
1399 1407
1516 1765
1524 1656
695 697
1449 1592
979 304
242 495
172 200
1249 1338
901 1090
588 596
1780 1796
1318 1322
1105 986
40 55
152 307
57 1717
1402 1583
1326 1331
957 968
708 737
801 1027
1157 1235
1755 1760
599 1204
1560 1581
1876 1905
113 142
125 339
1790 1066
346 1826
1656 1823
804 1000
861 878
492 590
1034 1051
101 106
1006 1177
15 1449
1827 1857
99 106
1263 1287
215 233
335 1102
1886 1916
1390 109
1619 186
595 787
1904 1712
1047 1067
1721 1748
202 212
1276 1716
318 322
760 770
1649 1680
102 150
1645 1664
1218 1249
1195 1359
550 581
1677 1690
1137 1154
283 296
104 107
1012 1032
682 685
1103 1776
889 1045
11 87
857 866
1456 1502
295 307
1229 1440
1350 1059
1115 1132
1268 1286
665 693
737 766
501 503
1706 1711
1164 1174
717 747
974 1000
910 987
1007 1012
1727 1894
237 391
1096 1102
617 737
40 1606
1621 1593
529 548
169 189
209 366
1146 1228
1207 1260
1597 1612
436 439
1092 1186
735 891
622 628
522 599
1315 1500
1877 1881
1421 1441
1684 420
1384 1386
1399 1425
638 662
1880 1888
1498 1509
385 1190
1138 1146
1778 77
841 903
1064 757
1115 1313
1415 1437
1358 562
1766 1485
324 348
1444 1455
2 75
649 857
1524 1555
1176 1186
688 940
648 673
1488 1222
974 999
1641 1888
1075 462
848 851
1353 1372
1188 1197
868 876
1397 1419
1370 1383
1869 1227
579 605
358 703
431 1696
1583 1808
1387 1388
167 181
1309 1336
296 453
285 299
114 123
471 475
364 253
313 1418
1903 1811
1454 1481
1257 1361
526 708
1680 1239
718 741
252 332
519 539
1339 964
1098 1350
896 377
524 655
1482 1511
1706 1763
647 675
1006 1839
673 678
883 1436
517 286
270 296
290 316
1449 1461
905 927
1553 1582
24 53
992 1018
1570 167
599 739
1556 1662
1675 1744
1701 1859
417 482
584 1252
1283 1507
1508 1539
892 1614
1017 1020
805 1257
42 219
382 399
639 648
813 824
1040 733
820 879
1216 1236
881 888
976 1178
1157 1161
1110 1130
1116 1176
674 681
535 551
1736 1906
1632 1655
1819 363
257 275
307 337
1169 1195
1355 1357
559 564
1157 1301
1214 1218
1528 1703
1630 1294
1212 1330
1563 875
1660 1687
1684 1519
1306 1333
1865 1867
1040 1286
949 958
1697 1901
647 668
770 818
304 313
1905 2
775 789
767 795
721 731
1290 1475
769 1022
690 694
1663 1680
1869 366
1865 1881
44 46
1380 1391
683 694
1233 1253
425 432
1282 1377
611 1684
1872 1897
1458 857
722 954
985 1229
220 224
534 547
442 530
1100 1108
973 1061
1380 1400
1892 1893
477 496
1527 1720
545 546
1681 1821
840 851
98 110
1912 21
701 925
490 504
377 598
1112 1137
724 1709
931 941
1755 1810
782 801
1469 161
1387 1004
1571 1597
145 1223
174 299
632 1034
1107 214
233 381
266 1771
1258 27
1359 1376
518 537
527 558
91 256
1626 1652
1774 1803
526 754
1778 1807
1262 1070
630 1550
217 593
706 1492
279 331
758 399
1161 1163
1183 1205
1178 1395
763 764
1544 356
1141 1149
362 393
1543 1559
764 1157
695 408
1184 1186
1200 1215
1186 841
1521 1740
1859 265
1379 1390
1086 1113
686 716
830 985
778 45
1521 1697
1801 1812
1275 495
3 28
457 569
932 950
6 818
1640 348
1595 1614
656 681
1210 1235
1106 1128
448 626
554 548
1315 1343
1650 1431
897 911
27 46
112 1151
198 218
890 892
1030 1031
343 449
319 383
372 385
1654 1682
1434 1202
1156 454
990 1006
986 1012
602 606
487 502
457 484
54 215
392 399
619 777
17 129
577 591
10 16
1323 1339
1694 1709
353 434
97 117
314 364
1213 1404
1653 1227
1265 1279
1874 1893
822 833
738 755
1839 1849
1734 1759
1586 1612
1473 1608
1807 1877
583 612
654 710
529 539
1578 1595
13 120
136 147
1726 1273
1326 1343
1386 429
1166 1240
1015 177
285 499
1482 1524
140 150
672 682
447 461
1289 1295
1263 1428
1348 249
602 605
1383 239
807 930
1317 1320
1013 0
1689 1819
1261 1461
180 204
69 1636
548 551
1473 1492
1266 1170
679 908
1023 1216
1133 1146
603 611
944 967
298 1610
1643 1662
1552 1564
699 710
1496 1510
1567 528
1880 187
1466 1031
346 583
437 1528
745 760
1097 1262
642 1787
1227 1244
579 1548
876 880
1478 650
430 1767
1177 1179
812 840
499 538
1602 1622
199 309
919 1170
597 818
956 973
210 74
899 1143
519 542
1502 446
1491 297
1228 1242
1404 1422
576 600
1176 1215
1700 70
309 315
1253 1266
1489 1497
1012 812
1684 1689
1644 1667
772 1008
895 947
1047 1077
1156 1179
158 492
1891 80
1363 1364
1442 1622
1431 1440
29 1482
1606 1739
85 1568
1916 165
1693 1703
837 867
167 171
514 515
1691 1696
1254 1272
555 763
1494 1511
1311 1329
1028 1285
995 1015
689 883
1091 1092
1237 1826
651 661
1518 1755
1052 1078
35 277
1396 1596
548 1872
1751 1595
1763 1792
554 585
277 1450
1824 45
843 863
1642 1661
1002 1181
775 797
1552 1554
153 704
399 419
322 324
588 589
548 569
676 615
1164 310
1536 1560
1770 278
374 540
191 202
1271 502
345 433
750 763
768 783
1364 282
535 680
672 1119
1859 159
880 893
1061 1078
1351 1047
1731 1760
1172 1203
1409 1420
1902 744
646 649
20 43
963 1188
1503 1689
25 35
631 392
1668 1693
1658 1683
1082 1102
748 750
1899 10
1491 1522
604 622
1156 1167
595 176
471 475
395 447
1866 63
169 382
675 704
626 630
1593 1596
1138 1253
1822 1840
989 385
621 919
193 1190
1743 1762
1173 1195
1524 1553
637 1679
365 439
1283 1313
1016 318
879 891
1270 1292
1428 1453
1153 1164
1590 1614
1788 78
1278 1839
1640 1849
179 241
487 969
1692 1910
1168 427
544 548
1369 1400
661 684
1368 1391
1274 1300
62 243
1470 1480
66 1399
1379 1388
934 667
1597 1683
213 226
957 1038
1090 1123
485 664
50 282
1346 1362
191 204
1375 1400
561 571
63 89
981 993
1665 1689
849 1036
1451 1471
1465 1788
106 133
115 154
1736 1749
280 298
791 1434
1047 1059
1457 1460
385 533
38 154
896 1121
1096 1097
1431 1454
668 681
1032 622
144 164
1767 338
1461 1486
1862 1868
1288 1299
1375 142
742 759
904 959
586 254
987 1339
481 503
1548 1566
1702 503
586 808
553 571
10 1870
352 581
1523 1646
1341 1348
1034 1092
925 1024
1166 1197
908 937
337 345
1070 1224
719 725
1888 1565
1285 1298
1330 1535
1238 1264
598 629
570 823
1044 1120
481 506
321 953
185 465
1157 1188
1856 1864
1784 1906
938 988
1444 1446
1723 1724
1710 1730
1707 1822
1069 1322
1809 1827
987 1055
1913 995
1039 1122
102 225
1203 284
616 311
1722 1511
760 768
789 792
1728 1745
489 641
1716 427
256 426
467 472
152 180
67 908
1607 1615
1876 784
390 591
1572 1594
1817 1839
1060 1067
1767 1781
798 1039
419 894
1116 1119
800 817
495 523
409 552
1685 1777
161 219
122 144
31 61
600 609
1308 1445
1652 831
196 782
1188 1214
870 1081
53 62
768 791
1652 260
448 459
817 825
1195 224
801 830
1099 122
512 46
1483 1591
1358 1382
798 1014
1848 1867
866 868
898 928
943 947
1494 1505
838 864
160 211
580 712
1434 1446
122 126
1785 45
875 896
269 284
329 622
848 856
558 763
264 290
811 824
930 939
175 1316
1183 717
1660 1685
1117 1147
1654 1086
115 138
1287 1311
800 829
383 401
1185 1197
1174 1192
1675 1681
985 1005
1455 1592
1240 1451
378 417
1634 1661
721 732
7 26
1017 1041
62 86
655 657
1625 1627
725 528
1712 1718
916 918
429 655
776 1643
1727 1853
1609 913
768 838
1680 1698
742 281
1636 1768
491 788
1476 1504
1829 1834
735 682
1179 1407
429 33
303 390
136 145
576 603
1011 1029
624 651
225 1691
1594 1832
1088 1105
1582 1610
1003 1006
150 221
627 630
1323 1343
1125 1133
1528 1547
528 927
1592 1614
716 739
691 715
653 828
1459 1480
1304 1314
299 324
1736 1763
1167 1170
71 192
92 181
105 127
751 358
1852 1860
1446 1506
1285 1307
2 12
1427 1461
131 963
1595 1284
868 1144
465 470
1506 1537
1815 1829
41 64
1420 1425
228 248
305 321
252 1243
832 902
399 424
888 918
1633 1640
1814 1001
31 40
629 660
1343 1359
1156 1313
489 636
1178 1227
378 400
138 336
1734 1735
650 671
1724 1737
1828 1005
1639 1655
589 174
269 1410
1019 1021
1824 1848
611 817
1112 1300
822 1005
1835 1837
371 372
479 483
1852 35
1798 1827
434 82
760 778
642 826
771 1350
226 235
1492 1909
1359 1461
1835 37
908 1088
1427 1433
1124 674
988 1133
1761 1024
951 961
785 810
89 117
113 137
868 887
517 1812
462 1098
1526 1591
291 322
1903 1918
4 13
356 412
1557 1580
1239 1249
1207 629
395 634
1799 1815
1075 1150
811 829
661 669
1049 1055
417 435
1863 709
751 991
560 905
1463 1477
1159 1194
1687 1698
427 450
558 564
900 913
962 974
1217 1246
1292 1313
1087 1295
1736 1811
1019 1215
502 621
1446 751
1709 1725
244 912
904 1111
1098 1268
447 475
1190 1219
1472 384
441 472
1324 1547
1547 187
1726 1155
1204 1229
1741 801
1692 1697
1339 1367
922 1265
1109 1120
909 922
1110 1088
1456 1600
681 699
989 1007
1455 1470
1414 1427
1840 1851
70 623
1062 1089
479 494
1910 49
236 1258
364 390
1845 1890
362 380
1701 1725
1481 1640
877 886
1632 1661
1258 1266
1840 1464
176 184
535 1514
1789 1806
403 1867
1885 13
551 1597
1815 1837
787 1082
453 88
1023 1024
267 1459
214 360
1671 1687
385 386
740 1408
1786 1879
182 208
1787 1790
1671 1757
1435 989
301 360
1755 1827
1443 27
513 539
812 813
158 164
913 940
1197 1356
702 881
1673 1346
916 946
6 17
1701 1729
459 602
1394 1463
1166 1182
924 501
216 241
693 942
590 612
194 267
1864 1890
1824 1892
1204 1207
1695 1722
821 834
1296 1357
290 308
325 346
490 499
623 1711
436 464
631 655
436 125
1863 1883
514 518
252 25
1004 1065
867 877
451 468
1072 1566
1755 1785
470 565
1705 1714
1019 1043
1078 1106
1360 1384
1444 394
1180 1209
1825 1832
1908 121
61 225
1815 1821
1518 179
350 353
661 836
935 947
459 486
1745 1781
369 384
930 172
26 1383
985 1005
352 530
727 269
495 511
537 560
1822 1833
976 1116
604 1273
869 900
508 1497
859 977
1456 674
266 1708
1045 1049
1676 774
77 96
1241 1250
1183 1214
284 1494
1173 1188
1276 1285
200 203
450 472
289 1358
1674 1698
1012 1061
1062 1092
468 1856
1099 1122
894 1371
286 298
1467 990
914 938
1530 1552
1511 385
952 967
241 1045
1904 1914
1767 65
1563 550
258 266
1267 1280
23 158
1081 1109
321 349
336 714
1719 1782
300 330
1046 1074
514 517
259 275
1067 414
197 804
1594 1595
1861 1866
1472 1494
1468 1492
616 1047
779 808
198 933
1600 1611
422 479
886 679
1109 1124
951 1164
492 1850
1720 1616
1774 1793
1293 1296
5 1467
1078 1088
966 709
160 165
1386 1402
1400 1414
1572 1594
844 871
745 775
917 1640
1898 92
815 840
1145 1176
526 291
1264 1359
1801 380
888 902
1144 1168
797 827
867 446
1245 1274
1782 41
383 402
1604 1638
202 226
1615 1801
1542 1685
1177 1208
1222 1233
536 547
180 326
593 608
1581 1672
636 651
1541 1658
336 516
400 416
1509 1527
119 278
1736 1813
1529 1549
1767 1495
1118 1176
1433 1459
1357 1480
1636 1649
973 1498
652 116
897 920
1525 1125
1103 294
1268 1195
702 733
1277 1502
1469 1520
1425 1450
424 558
562 586
1271 1288
170 618
1025 1033
1 5
1462 1485
427 1904
871 893
1130 411
1114 899
1480 1488
821 845
16 80
512 620
905 426
1483 315
1363 1408
901 911
684 858
1176 1197
522 622
1111 1262
442 555
1063 1073
1057 1085
587 1006
1504 730
802 803
743 749
236 259
1658 1682
772 1458
137 153
680 686
1289 1293
1898 1812
1256 1257
1628 1794
1866 85
236 266
1863 1894
272 1139
603 634
1754 408
1616 1632
615 832
696 213
469 629
37 119
824 1002
1323 1348
151 160
1056 1283
1073 108
1394 1528
1468 1655
19 20
1730 1788
1546 366
851 875
594 790
1126 1137
824 569
1026 1035
1114 1132
518 526
1860 1864
1239 1247
1202 1169
435 461
1010 1023
412 413
1605 753
1673 1703
694 700
1470 1499
446 476
678 690
520 549
1691 1898
1895 1291
74 92
187 414
853 1751
153 327
618 631
391 606
393 1510
398 418
1075 1102
1398 1651
1764 1784
247 249
1462 1485
1067 1262
421 433
156 775
1408 1415
1769 1301
1534 1564
726 404
4 19
426 365
486 507
839 521
1024 1041
1241 1271
1258 1285
283 479
1675 1528
436 459
1045 1256
388 443
465 489
1102 1271
663 681
341 361
595 599
814 838
1129 1140
94 1053
1136 1167
304 89
1271 1277
1826 615
881 903
1447 61
1440 1455
731 748
445 1091
1413 1611
1463 1485
1378 1386
1316 1325
615 631
382 459
1190 1306
1582 1745
638 698
1847 657
101 110
700 719
402 417
617 704
1441 1453
154 157
1430 1682
268 279
415 341
1250 1281
1522 1540
1298 1301
1643 1682
1575 1600
834 436
301 317
1696 277
1398 1428
1722 1727
1721 1730
1407 1757
1649 1675
1664 1677
600 613
1340 1364
818 1453
1671 1697
1356 1368
765 788
1187 1319
439 458
1529 718
1011 1034
45 97
1372 1580
1421 1449
1311 1398
132 314
1361 1386
71 206
1210 632
1541 1556
1487 1502
1048 1088
1588 1614
1785 587
1130 1429
32 146
1858 1881
853 1249
1334 1351
1740 1789
1330 1334
1681 1687
1364 564
1732 1857
158 198
816 1776
1295 1370
1563 1642
406 424
1249 1260
889 903
1764 694
972 1126
873 943
967 1042
555 570
820 927
918 1030
1084 1145
500 196
946 1091
490 813
128 278
285 302
1558 1571
398 401
179 239
30 1587
1692 1705
1439 1442
418 422
753 1341
394 413
1225 1232
1781 1803
367 398
594 617
1255 430
638 669
279 1125
1561 592
1645 248
327 526
1878 209
420 436
440 649
437 457
533 561
985 988
1329 1581
1720 1723
295 465
418 443
334 404
1414 1422
1682 1707
1695 1713
1324 1378
1193 438
1743 1787
1007 1024
400 284
1161 1182
437 531
1358 320
121 316
1139 1147
26 46
1060 1080
146 151
1296 1316
800 812
64 949
1752 1875
330 359
1793 1804
1181 1191
1627 1651
1612 1781
1239 1256
103 296
935 1587
1299 1367
1377 1643
1151 1160
663 944
1009 1035
459 481
1776 1788
46 50
1834 1850
1613 1629
810 815
1591 1599
1887 58
384 565
1807 137
777 1684
238 242
1340 1353
596 1137
55 65
1848 1854
1353 1538
1253 1429
1279 932
917 940
311 324
209 233
1853 672
986 1145
1901 1907
1265 526
162 189
1015 1046
1789 1790
1453 1648
1497 1508
1657 1680
255 410
803 902
825 854
1887 1908
762 775
394 653
549 550
128 945
126 294
1447 1461
1471 1473
621 761
1878 1895
553 581
782 790
842 873
1428 1458
430 138
206 301
1676 1702
276 306
23 27
195 220
73 91
1064 1242
457 479
1844 1735
185 987
1389 1405
1322 1325
867 896
210 227
119 940
1657 1853
1499 1750
998 1463
1262 1279
1644 1665
1301 1303
942 957
1110 1135
736 752
819 853
670 694
1024 1052
1142 1151
34 30
96 1201
954 1107
1837 144
1223 1253
559 734
288 308
875 1110
114 1023
439 467
703 717
682 903
1320 1328
898 1140
807 818
521 535
161 414
458 506
1029 1052
924 1887
1360 1603
1108 388
504 665
710 738
761 781
1137 1164
552 563
1145 1166
703 716
568 577
1589 1607
243 268
574 626
490 1917
1522 1724
833 839
1243 1265
1590 1134
1367 1497
1893 1898
1538 1557
451 509
1642 1670
315 326
1495 1510
1755 1776
749 656
1529 1553
342 357
1331 1332
1561 1575
1844 1860
659 670
698 390
1484 1514
1329 1366
118 125
1415 1422
949 969
1842 1918
124 228
1564 1613
910 1127
916 936
746 766
960 971
311 362
1838 33
1720 1728
380 398
776 794
967 1017
1656 1677
575 686
249 1310
561 808
656 910
575 577
1512 1543
1647 1803
201 232
1064 1269
776 804
908 915
355 390
159 174
164 191
1260 1271
320 1309
470 636
744 817
733 727
906 1028
314 608
204 663
900 902
1621 1841
1672 1688
1149 1159
1510 1527
231 243
1773 1790
600 540
805 813
629 644
680 691
1846 18
95 243
912 928
235 650
1197 1281
694 701
1289 1308
8 12
1231 1241
39 274
477 495
325 476
1846 260
1351 1363
309 322
857 1038
632 643
1653 1656
1021 1317
1616 1625
793 1001
1436 487
1542 1727
1027 1039
497 506
178 206
1086 1095
1033 1130
1740 1499
1746 900
712 726
1919 13
1325 1331
290 282
78 83
1310 1272
376 1655
956 979
78 118
1340 1363
79 95
1445 976
1622 1640
96 106
1851 1868
1134 122
1608 1455
869 892
474 1512
1234 1368
453 1753
405 605
840 849
1758 20
1910 1918
18 1272
1841 73
743 753
1312 1436
1661 1679
809 1588
496 524
663 672
1413 1557
517 1159
1851 1896
250 279
168 191
1479 133
452 696
1005 1225
731 1638
892 1661
699 706
1168 1199
1583 1608
1012 1019
433 1044
36 872
423 362
1774 1047
1631 1653
268 1091
818 851
1737 251
1087 1284
1094 1419
1215 1218
42 597
551 573
145 82
565 590
524 536
1766 1277
1074 1712
1091 1134
330 354
421 446
493 501
573 597
1119 1162
712 722
1614 162
1300 1105
719 868
922 212
241 465
773 783
698 477
1065 1705
1049 1070
64 81
1294 1306
605 628
1113 1335
715 605
555 564
509 530
1699 1703
534 732
408 438
691 210
1713 1729
404 414
318 319
108 118
51 55
784 1373
272 281
441 470
1161 1163
578 904
428 717
606 637
1394 1623
752 890
1336 1800
643 756
1028 1525
739 749
1867 1868
1471 1879
1883 1889
1196 1206
1046 1793
253 498
1475 1500
1004 1215
33 49
223 1804
1650 1652
363 373
1027 419
1885 1821
934 949
1422 1500
250 1725
1629 1676
1144 1291
1385 1481
916 932
1820 1869
1412 1415
759 767
901 528
1283 1907
527 554
347 354
428 455
1406 1407
774 787
302 479
316 438
731 825
1641 211
1293 1317
1515 1530
1560 1572
1003 1233
1434 1440
1230 1235
51 1439
9 176
1813 1827
1007 1012
338 352
1328 1338
674 929
644 651
510 690
183 196
1599 1608
515 539
792 809
714 1406
148 253
1555 1567
1265 1344
1575 1631
1590 1620
630 644
127 134
494 717
1472 1621
1427 404
94 1738
1729 1852
1320 1228
351 1176
1501 63
89 91
1890 86
187 348
1187 1225
923 1633
1779 1337
1238 1257
1312 1332
931 935
341 355
1564 1568
1165 1184
1044 1538
1155 1271
1105 1112
140 165
487 488
1635 1636
1085 1090
649 771
1439 1626
1779 1781
1515 1540
1221 1344
863 870
1717 24
1678 1782
1477 1771
1660 1673
1899 1919
1480 245
141 213
1502 1506
1670 1916
1865 1273
525 543
22 201
413 422
1850 1868
1192 1215
1107 519
1406 1426
1900 78
1731 1742
820 1832
1538 1111
631 696
1641 1645
579 1495
1071 1084
1682 1725
1664 378
686 690
704 725
659 672
1167 1183
1628 1656
874 880
1896 1909
1876 1879
481 1764
488 517
1327 1538
1796 1814
1624 1633
1725 1738
1378 765
139 323
414 1616
1545 1553
978 1044
1303 1314
1448 1451
1046 1052
231 446
714 745
1903 1913
1237 1562
1417 1735
19 895
31 46
427 443
82 90
751 762
1155 1173
1203 1214
1319 1533
251 276
440 457
1481 1496
1797 1872
357 524
783 800
507 696
952 1057
1410 1453
1011 443
991 561
516 529
636 791
1033 1055
741 806
173 194
332 715
1092 1093
784 880
384 407
107 137
953 1542
350 210
1593 1712
1490 1495
1446 1521
528 556
359 503
1030 1063
179 353
658 829
754 776
582 592
1508 1716
1475 1500
255 14
1083 1084
1559 6
109 294
220 61
1232 1233
423 450
419 446
1137 1150
846 854
631 652
1585 1775
1588 1799
1089 528
1325 1334
1061 1079
550 740
1860 41
197 446
608 690
1275 1460
585 590
862 863
1792 114
16 47
1810 1829
1033 1162
1855 1862
1524 1530
235 244
1776 1778
1489 1493
12 1271
647 649
102 125
669 687
1319 1306
110 138
1729 1757
1884 81
1728 1768
855 875
936 943
932 1748
140 49
1554 1583
1148 1162
345 374
1828 174
38 51
1611 1734
1331 1352
1643 1650
1669 1792
1246 1248
582 691
1594 1670
237 765
1121 1141
1893 1719
219 517
1800 1385
498 521
499 562
498 506
577 1013
370 372
1326 1333
1297 1510
788 273
1566 1584
1731 1740
513 708
190 195
1123 1147
1759 1766
1409 1435
1293 1506
1748 1822
1756 61
1550 1580
806 813
703 724
1904 239
1301 1314
220 227
502 118
987 1190
122 253
1604 1632
1508 1519
1186 1754
1187 1367
1852 761
400 1206
1642 1645
1732 1648
181 201
641 692
1147 1101
838 1851
1717 1731
1238 1240
1636 1800
1877 1885
1365 1395
1735 391
59 74
1869 1890
1566 1743
225 240
428 460
921 924
1742 1743
603 822
1034 1048
319 348
1519 1546
1850 41
145 175
1540 1556
1651 525
1134 1135
720 1071
1019 1112
759 787
1165 1359
193 429
847 856
924 953
970 976
468 497
396 600
1199 1225
1052 1741
1618 1651
1260 1651
246 251
1054 1059
1062 1855
1523 1552
991 1001
247 277
130 150
531 604
1445 1471
749 759
57 66
1526 1572
1316 1626
1735 1776
1347 1377
214 632
1243 1272
1563 821
899 1816
192 94
507 1354
1853 58
754 763
11 152
485 1407
1587 1611
758 765
1882 196
585 614
971 981
671 925
1042 1071
873 895
1227 1183
968 990
579 799
1610 1617
1536 1610
858 868
382 467
953 975
319 1012
306 329
1550 1580
1213 1444
1134 1154
1035 1060
1263 1276
1461 1463
1462 1476
505 506
908 1036
1637 1829
512 650
864 875
698 755
1608 671
735 845
999 1028
1795 1827
1101 1110
658 669
1255 1262
1463 1572
1145 1151
1228 1248
61 80
817 1374
263 316
1154 940
1060 1085
1891 1909
325 347
1376 1394
1427 1448
588 794
1260 1373
1656 1671
224 254
61 68
184 206
1178 36
328 330
1541 1570
396 680
726 727
1336 772
510 519
1200 616
1055 1061
1090 1120
1910 11
508 509
1574 1576
742 756
572 600
1791 876
1889 596
239 255
1788 120
995 1119
1648 1652
1445 1668
13 73
1892 1901
228 252
90 270
1516 1537
1339 736
1610 1616
321 333
1513 1524
145 162
752 769
1007 1037
721 596
707 725
1171 1179
1678 1690
1819 1775
1580 1585
1133 1159
452 472
1251 1458
1252 1267
1232 1255
1416 1441
670 699
1055 456
1031 1256
184 352
582 593
1461 1462
1560 1573
1668 946
1498 1578
1227 1253
1077 904
1576 1582
1370 1401
1310 1336
340 475
1611 1634
1399 1402
469 646
94 249
418 419
1694 1719
1300 1473
650 677
1769 218
1639 303
1153 1373
254 273
329 338
1896 722
1558 1579
406 419
1746 1754
409 1070
1909 3
455 472
1256 181
1246 1674
86 117
503 528
1249 1250
482 489
1048 1078
1435 1035
668 711
1851 158
30 61
135 160
1013 1060
224 382
105 126
690 712
1430 1441
325 342
1597 1296
289 297
1799 1806
117 1849
450 1255
996 1018
1415 1476
307 328
981 994
248 250
804 819
1605 1616
939 960
1629 1646
1607 1617
1467 1493
1812 1594
1607 113
1159 1414
1667 610
98 110
417 514
614 703
1078 1019
1857 93
520 523
1634 1638
756 786
1648 532
1140 1168
823 887
430 457
523 540
1272 1355
1637 1642
1420 1446
705 715
617 734
613 628
12 908
667 1239
645 452
945 973
213 401
723 794
545 546
466 479
1454 1485
936 1153
1617 1625
1220 1247
688 1278
476 1011
665 686
1666 1689
1497 1504
86 90
1336 1360
64 85
624 640
1471 1475
1269 1282
208 1799
1404 1481
947 956
133 145
1527 1537
1816 103
1062 1098
930 954
607 617
1626 1627
62 93
1350 1381
820 845
389 1895
464 478
1450 1693
1068 266
480 717
808 816
1071 142
1610 1724
749 1602
574 582
866 878
323 340
232 1266
1317 1335
91 1797
18 29
190 669
707 736
100 129
1431 694
1620 1859
411 444
1670 1821
1842 127
375 628
1041 1042
1005 1023
1350 1356
1612 1630
634 658
1728 317
1102 1149
1711 1742
1058 449
940 1173
1703 1726
1602 506
1746 71
1919 212
1106 1194
858 883
1884 1891
1624 1651
339 1181
234 280
1611 1830
1067 1077
491 25
1458 1153
234 261
1900 1902
998 1240
492 592
152 181
66 70
1559 1679
1297 819
886 910
1894 1178
1698 1719
217 245
564 575
977 1196
372 379
1211 1420
154 205
747 93
1010 1020
28 36
748 191
1673 1683
834 837
1048 1073
666 895
162 350
394 404
199 205
1873 1888
1201 1223
294 306
1262 1301
686 1755
1726 60
748 758
680 698
1036 1132
1037 891
1668 1677
1004 1010
1672 931
203 218
628 810
550 724
863 1041
1689 1699
785 1016
1115 1137
2 20
1404 1389
119 834
452 473
1848 630
644 866
549 554
1088 1118
1458 1405
192 1200
1591 1625
1520 1000
1024 1032
14 242
1201 1221
804 814
1789 1797
1831 1840
1620 1649
1770 770
1823 75
1251 1452
1175 1178
1430 1448
1376 1379
943 974
249 270
590 1554
1282 1485
478 627
1423 765
1636 1806
917 1062
1422 87
471 1333
1096 1281
1496 1497
669 900
183 990
1608 1734
1175 1185
712 745
836 854
296 1238
1631 1349
1710 1732
1124 1194
673 827
1137 1142
1730 1755
864 881
35 38
675 275
1020 1028
993 1092
881 893
513 537
1083 1098
1513 1525
795 821
283 834
294 324
177 12
1914 0
500 628
587 591
72 75
934 949
1885 111
118 147
969 406
487 556
171 188
726 756
1638 1665
70 93
258 259
1265 1284
1698 1708
1895 1910
146 181
1136 1144
1467 1498
1761 1771
1713 1741
1139 1153
603 707
1196 1575
1271 887
1664 1710
1242 1265
977 356
1283 369
410 526
1222 1230
809 830
1846 1868
156 266
1460 1682
5 150
1420 1640
810 824
1597 1623
127 156
1397 1400
1688 1722
236 260
836 850
2 17
294 312
10 1548
1593 1622
1615 19
936 577
1466 1497
142 157
1714 1720
1378 1385
1772 1782
250 276
1114 1317
1318 1319
1899 874
1711 1739
1498 1526
298 308
1875 192
1847 1875
1811 1851
780 781
1710 1527
679 708
733 937
1130 1298
62 1656
1605 1781
184 233
520 551
438 636
209 1752
135 151
291 314
1855 38
1738 240
635 636
1703 1815
158 188
239 392
568 587
1539 1608
1660 1680
888 917
542 548
1568 1571
680 709
719 728
850 861
1450 1176
1343 1355
1421 1528
314 337
346 400
652 1190
1192 1228
1119 1125
1335 1518
1569 1673
1393 1420
333 423
256 287
514 490
357 591
931 357
264 1585
1733 1834
1906 24
1739 239
1532 1545
830 858
592 611
308 332
1118 1238
329 1639
75 97
1148 931
934 948
718 747
28 46
887 1141
592 607
684 1705
1576 1662
260 286
1555 1572
1369 354
1262 589
1232 1261
823 835
1429 196
1319 1435
1211 1241
420 540
1549 1592
1050 1285
1155 1168
899 924
928 1069
1171 1241
753 524
925 944
76 89
609 618
851 1023
1741 1589
257 1421
81 99
1061 1344
1704 1004
1499 1534
506 511
870 880
758 764
1661 1690
1777 1803
1170 1181
29 34
597 610
654 209
360 1541
1621 1624
70 88
297 313
1805 1827
1626 1647
922 929
941 944
953 1215
1748 59
52 284
486 511
452 476
517 544
242 162
620 639
1259 1263
77 586
1447 1667
481 714
1556 1757
1432 1454
524 584
102 121
1843 1413
1217 1230
828 855
1543 1561
828 831
1530 1551
805 1507
1287 24
1893 1917
1225 1030
816 752
1762 29
54 63
518 880
836 867
484 513
648 743
335 1262
1797 59
394 420
699 1486
1483 1522
546 555
1873 1888
922 931
441 612
1198 1209
1753 1775
1792 1820
1379 258
1844 20
1551 1568
1092 1116
1792 1812
776 512
246 1024
1845 1862
1001 1004
982 1012
1830 133
273 465
1532 1544
1905 10
351 376
1357 1445
808 830
711 774
358 589
1813 1840
696 698
784 804
1724 37
1175 1204
1000 1033
276 1727
1138 1162
99 110
1748 1761
1694 1712
45 49
828 329
466 475
64 1348
1871 559
150 357
1178 1350
1567 1646
129 143
1705 1710
701 928
1251 1361
467 491
1353 1261
1786 1810
1874 1783
1149 1171
1591 1598
702 669
782 73
1818 1845
759 768
504 511
434 309
448 1215
1208 1369
1348 1497
249 1172
1899 1900
368 387
172 188
1260 1267
373 381
1043 1047
229 257
76 1746
1333 1473
1521 1529
1614 1103
671 686
604 691
214 243
264 277
1746 1581
1083 1106
25 48
1159 1179
1452 1006
338 413
1908 3
1042 1055
1737 1739
1291 1307
1738 964
668 678
395 604
890 910
1547 1760
312 473
1202 1364
1437 1458
433 458
79 244
442 446
949 1349
1627 1636
1450 1452
1573 1587
1009 1063
1680 1693
349 359
275 295
363 433
1383 1385
1197 1265
529 778
51 126
129 89
402 432
474 485
876 884
1451 1686
1892 1910
1048 1066
299 321
779 804
601 626
1534 835
1292 776
1 827
529 539
51 235
1474 1479
1701 1723
195 220
609 906
614 839
1141 1236
284 386
1367 1389
1412 1430
1285 1905
1235 1246
864 1149
1468 1558
605 623
203 210
1758 1812
1254 1313
369 484
896 908
1418 1618
504 521
413 432
771 776
1063 938
1492 1534
1511 1717
443 464
125 332
390 410
1382 1549
473 493
33 39
137 158
767 789
91 119
1417 1432
93 336
488 447
850 1348
957 973
706 727
181 183
1309 1323
423 552
311 636
664 689
1112 1632
548 1134
196 222
1464 1471
1609 1455
89 108
94 4
1646 1677
1670 1678
151 182
539 798
675 1918
227 248
1849 1864
622 624
1890 1901
1780 1788
981 995
1653 1660
696 699
1768 1458
1153 1172
1139 65
878 883
842 860
1520 1617
1531 1731
793 824
1706 1226
1751 1774
1783 575
1528 1530
314 329
269 298
1454 1459
1152 1160
359 507
1830 100
1775 378
1261 1176
1895 1898
386 405
621 1683
545 562
636 815
906 914
1515 1545
1470 792
1735 1765
444 470
773 1612
130 144
904 87
1107 1124
1222 1393
970 1138
1114 1119
1906 1197
992 998
1829 1900
71 869
1264 1499
1251 1418
1790 1821
495 550
379 614
1134 1150
15 79
754 767
761 1567
1487 1610
594 624
1466 1762
1634 1664
100 109
256 338
219 230
160 180
1552 1583
286 300
715 856
426 442
303 313
690 938
221 240
872 940
1128 1682
1394 1121
884 904
1285 1311
457 486
1256 1498
1065 1086
43 73
335 1373
978 1575
1084 1275
1199 1207
1790 1801
1715 1885
1070 1085
788 817
860 904
1486 1500
300 324
1819 102
623 664
777 1900
1476 1480
287 291
526 539
1748 1778
939 953
1443 1460
1280 1287
1124 924
1586 1271
297 319
498 565
1259 1260
291 320
471 483
495 499
14 35
1858 1886
1565 1577
1743 1860
777 801
732 733
589 616
1126 869
859 906
1686 483
1339 1376
118 132
472 476
964 990
962 1091
186 127
1112 1133
779 787
628 326
721 751
681 889
1803 8
169 192
1036 1168
218 433
1887 414
1799 1810
491 514
1751 66
337 977
841 896
1316 1504
195 598
1776 1801
1444 1448
1900 8
974 1145
1724 1110
1261 1290
5 160
1777 1862
276 306
1399 1430
1203 1797
1443 1458
1673 1684
708 731
570 764
98 125
966 993
329 583
1422 1446
913 939
189 424
415 1840
1408 1486
212 218
709 712
1720 543
650 676
669 681
1644 1648
1165 1298
1717 1734
712 721
371 467
306 504
718 799
1308 1313
830 856
39 61
381 604
1813 873
1620 1656
1527 1608
109 129
1335 1517
1357 1385
1539 1700
1322 1391
1557 1805
1858 161
1712 1713
1070 1240
386 463
709 779
413 440
497 506
1500 1508
1066 1083
320 386
1191 1209
319 437
1069 1162
1811 716
1618 1631
649 786
348 1308
199 221
1570 1589
1396 1403
601 616
1651 1658
1753 1767
1077 1100
650 655
1733 1755
1531 1554
512 620
168 193
798 819
330 574
46 277
137 1186
823 848
1683 792
1355 1369
781 1754
1168 1176
647 665
389 877
44 64
40 69
1493 1524
657 661
836 854
1567 1288
1310 616
1401 1414
1397 1510
146 738
388 414
1379 314
1327 815
1246 1387
638 746
989 995
880 903
212 1717
717 826
826 1714
461 479
1166 762
273 284
1752 1769
555 567
357 383
362 365
1420 1878
1278 1294
402 426
1729 472
139 744
