EdgeArray
240 308
238 321
140 221
478 248
211 290
93 250
141 159
226 254
32 195
477 15
242 162
205 206
72 452
329 338
347 354
395 424
283 290
238 242
128 292
144 265
315 326
311 85
84 112
463 196
237 241
396 454
110 112
337 339
194 267
279 365
70 124
182 339
108 137
451 124
276 306
22 25
127 156
253 23
40 9
56 58
13 243
134 156
202 217
324 344
376 385
346 386
21 58
159 160
325 342
54 81
253 349
262 277
457 114
322 386
78 83
40 55
277 308
288 308
300 321
63 93
77 106
77 96
28 36
81 86
408 438
148 169
143 297
6 474
309 322
354 62
5 36
156 295
142 157
327 438
16 36
86 117
108 211
379 445
51 235
262 313
238 254
254 375
244 437
378 382
192 320
8 133
139 156
26 423
453 313
294 312
441 132
333 363
401 419
300 303
367 398
111 122
419 414
455 479
243 274
181 201
107 91
430 439
302 371
204 183
408 152
98 110
393 70
347 363
127 245
341 180
395 124
9 322
12 112
101 110
38 68
13 241
240 323
137 300
472 7
219 346
139 164
269 298
297 313
159 206
112 465
320 357
289 290
122 271
416 454
225 251
422 479
156 185
412 437
99 110
37 39
248 250
200 203
278 147
424 433
379 381
438 447
468 114
441 464
153 287
366 367
98 110
189 191
240 453
146 164
407 429
275 123
209 232
53 66
106 114
42 117
32 257
207 219
444 468
306 24
15 61
353 434
27 56
374 377
71 206
269 450
149 353
55 308
154 205
82 302
373 381
430 327
443 454
462 138
392 464
374 325
217 414
260 263
371 372
448 146
76 306
203 234
294 145
69 79
328 330
356 385
267 19
24 31
189 199
296 382
54 215
363 29
92 181
189 207
336 78
310 415
433 84
14 35
140 150
133 139
433 452
180 326
418 393
12 311
414 422
450 295
163 192
368 383
302 411
165 343
378 392
460 218
240 402
364 390
55 67
217 244
95 311
80 63
9 234
218 245
385 230
78 83
279 165
197 446
16 47
475 195
326 141
448 255
428 432
15 22
121 145
429 9
58 70
438 454
191 202
172 200
409 110
130 132
95 246
389 409
152 334
90 118
335 413
319 52
92 80
102 121
344 374
355 390
224 254
281 287
410 46
407 422
179 309
151 160
171 183
370 391
241 465
297 314
101 130
11 87
257 58
460 473
18 166
356 381
336 234
270 219
135 155
26 31
323 396
338 355
398 216
266 283
19 176
74 258
209 413
247 424
315 55
212 218
426 442
47 220
444 470
211 217
11 38
259 285
187 414
63 72
234 261
359 377
464 4
397 398
231 251
10 16
21 448
183 205
405 410
224 235
355 336
213 286
432 462
196 378
37 378
251 276
444 96
119 460
397 396
290 291
244 273
30 147
34 30
412 413
415 1
260 276
102 150
117 141
328 338
450 472
306 458
321 473
59 75
351 376
463 222
405 125
27 47
90 117
264 313
307 325
400 246
329 95
343 349
411 432
76 79
147 271
49 64
258 266
478 14
40 46
82 99
157 187
364 253
271 285
128 342
364 21
152 180
73 224
452 457
333 285
232 249
406 424
436 439
287 294
390 410
466 1
289 387
469 21
365 439
56 81
221 240
469 149
8 166
142 328
359 23
3 28
445 131
257 449
343 349
392 400
373 404
295 25
247 253
60 85
162 278
325 356
136 318
358 366
387 112
323 352
375 401
169 178
103 403
299 324
172 188
359 45
262 387
273 274
394 173
174 299
62 75
99 106
34 40
366 14
300 155
116 447
3 27
386 405
462 467
177 207
178 388
50 470
181 184
160 179
295 465
363 373
204 95
11 240
312 313
444 382
207 231
356 365
176 230
420 436
401 417
128 465
253 260
322 326
214 243
459 1
67 101
448 459
82 90
387 436
110 116
292 269
277 288
463 29
431 11
466 479
223 364
51 56
19 20
236 266
263 311
288 38
107 137
58 443
317 250
110 40
262 292
277 290
458 197
96 153
292 129
286 298
12 428
98 71
342 369
84 157
300 330
167 171
65 85
124 151
193 212
101 106
124 299
349 224
340 349
330 359
181 183
195 220
227 241
144 368
478 8
409 72
464 467
392 395
297 319
220 227
161 264
477 16
473 234
225 240
221 424
162 357
94 93
61 225
54 404
462 13
309 318
48 106
129 186
168 204
201 232
132 155
439 458
355 356
54 203
442 448
284 298
424 82
66 302
293 304
421 152
37 59
334 389
467 11
231 234
367 393
293 298
40 166
271 59
331 373
288 307
447 137
457 4
455 67
268 131
456 465
209 366
199 387
61 315
316 24
245 259
63 89
52 446
215 216
78 147
130 144
304 313
229 257
177 12
45 63
210 241
308 291
168 23
23 212
344 358
422 442
445 471
398 299
83 322
93 112
228 252
328 335
192 255
165 167
215 190
172 416
194 214
53 62
141 318
357 44
135 151
429 175
16 37
428 447
222 225
385 413
344 389
31 60
50 54
267 284
106 128
202 212
233 175
311 156
208 170
92 112
87 93
318 322
363 26
23 30
270 286
478 23
176 303
73 93
79 95
416 425
164 258
26 61
410 83
168 191
437 459
97 138
162 350
380 408
330 352
15 9
241 272
261 420
90 342
250 279
131 3
123 133
61 234
15 79
415 341
339 3
265 448
460 114
303 324
232 104
28 123
166 18
89 117
220 61
112 191
263 345
223 228
289 398
18 312
114 99
43 65
279 281
63 65
408 6
311 335
309 325
20 147
473 13
360 362
120 86
145 162
329 103
280 289
322 448
272 377
423 453
90 270
227 321
357 377
167 401
95 243
414 444
440 457
272 281
34 18
460 121
209 233
174 202
286 326
332 400
249 350
474 5
418 443
349 421
406 262
0 17
134 164
89 81
2 21
197 368
325 347
162 387
59 74
364 76
285 19
45 49
426 365
294 306
454 385
374 60
298 308
186 193
39 274
321 333
440 134
325 346
284 54
72 75
466 202
125 36
6 391
423 362
457 6
477 5
369 4
172 447
291 322
326 314
91 98
437 457
252 25
109 206
84 351
475 476
1 5
477 14
408 223
137 158
144 164
363 368
350 371
332 350
402 426
115 138
243 364
256 163
137 281
195 220
373 385
301 327
468 20
184 233
102 125
65 81
23 35
393 346
109 294
239 243
47 152
24 53
110 264
238 258
221 347
390 420
409 423
198 134
385 53
177 56
22 201
465 9
126 323
414 176
41 264
467 440
350 210
476 306
209 312
419 446
1 37
97 122
87 234
371 383
403 427
114 123
137 226
252 283
321 349
219 230
254 273
12 250
55 72
412 414
221 234
48 71
272 179
361 377
164 169
395 154
460 478
289 205
393 412
185 208
341 361
182 434
433 109
388 396
245 398
30 132
17 443
105 127
411 444
32 146
235 244
359 27
424 78
230 250
72 152
303 32
308 327
19 45
438 442
461 479
417 435
7 171
21 398
34 51
122 126
59 84
362 385
384 75
146 151
183 196
48 261
330 94
382 467
406 429
220 224
85 95
178 64
265 278
135 306
89 91
376 379
437 88
109 120
264 290
276 33
366 107
139 323
88 104
459 461
348 81
244 432
167 379
215 427
442 446
222 228
443 464
42 56
261 269
67 428
461 463
231 446
196 302
354 374
46 277
358 223
316 443
38 51
195 82
318 417
439 467
28 43
395 467
146 258
381 475
211 273
396 471
256 426
381 170
306 334
320 431
264 276
319 437
188 234
458 459
314 329
138 147
288 23
388 402
352 101
71 74
377 403
166 181
391 468
46 155
472 61
153 176
184 206
56 85
203 218
129 267
173 367
49 236
451 457
171 185
57 277
476 9
431 256
461 42
411 412
377 30
192 240
301 317
76 87
250 285
470 28
259 260
346 400
242 9
246 64
440 444
41 425
287 369
277 342
44 64
467 454
73 91
357 387
99 2
456 470
423 301
372 385
340 475
66 70
380 289
439 185
74 92
81 216
326 67
51 55
342 357
5 27
65 85
30 61
36 392
95 154
411 422
208 359
4 19
81 140
74 204
255 287
85 273
132 145
233 250
350 475
287 402
106 133
269 279
88 109
167 181
100 101
208 232
380 395
213 225
146 176
77 96
20 29
190 223
131 141
29 8
147 203
85 23
410 432
316 438
205 207
2 75
273 284
159 174
469 59
309 239
315 328
283 479
229 260
354 411
324 343
70 88
183 30
228 391
431 449
68 440
286 294
160 180
403 422
154 429
86 92
135 160
421 446
143 335
280 287
100 131
126 150
27 46
314 337
123 135
284 386
432 25
231 240
124 142
400 413
377 118
320 349
402 131
166 192
395 447
436 459
43 73
120 148
355 390
378 417
420 436
408 422
259 261
180 208
68 90
206 230
298 96
459 3
35 55
233 239
438 156
20 43
299 55
264 277
98 125
290 308
163 181
118 130
420 445
200 374
57 58
305 328
418 436
42 326
152 307
268 451
65 292
389 406
154 161
10 120
379 391
79 244
56 57
80 98
327 335
29 40
122 253
160 211
314 327
200 253
361 43
457 479
73 75
5 7
195 200
329 142
51 126
116 147
199 221
173 194
407 452
186 195
191 204
53 54
234 249
104 384
451 29
315 318
471 373
22 99
20 61
461 355
213 226
130 318
113 142
246 34
96 106
269 210
387 399
296 453
93 345
445 449
465 457
52 247
205 217
27 291
379 134
308 468
434 177
427 450
347 366
386 405
417 426
125 332
102 118
15 93
321 47
2 17
313 318
161 219
112 130
258 440
170 176
429 33
472 190
311 324
141 213
278 295
474 162
112 340
372 375
226 228
134 154
392 399
382 118
373 121
458 26
144 229
452 216
451 468
80 99
347 352
71 192
197 386
105 230
83 107
6 17
100 129
128 300
201 225
429 248
205 220
60 90
185 201
89 308
238 260
462 465
275 277
410 433
186 203
400 416
379 408
365 366
199 205
394 420
479 14
250 276
230 247
178 206
78 310
443 447
383 421
191 208
293 270
39 59
382 133
132 140
84 300
14 242
104 115
348 84
368 398
316 66
70 76
334 364
286 300
85 116
234 261
337 17
334 404
202 313
473 6
427 479
151 328
423 450
456 475
25 62
326 342
28 46
237 339
381 345
384 85
282 302
165 167
399 125
7 13
187 247
21 46
142 168
447 461
115 141
230 415
208 304
70 93
339 355
343 368
174 188
183 173
26 46
267 285
148 385
118 132
453 18
448 367
114 116
196 212
252 332
391 126
455 472
177 204
147 171
155 362
0 192
117 144
334 277
291 59
113 137
197 324
367 387
136 145
99 102
143 230
31 46
248 264
106 109
35 38
124 228
432 477
131 137
173 416
308 332
413 422
346 352
443 471
185 217
388 414
247 277
401 463
80 101
435 180
256 287
113 264
428 237
186 127
446 33
185 465
441 141
449 461
431 455
291 320
96 379
399 410
200 117
227 281
22 42
255 264
58 72
143 20
36 56
214 362
399 424
198 218
61 68
159 177
391 143
272 355
10 108
255 381
222 251
91 357
449 474
397 466
122 144
239 255
437 185
136 162
237 268
251 262
6 20
218 479
450 471
273 465
299 301
339 108
46 50
391 163
121 125
64 85
319 106
335 302
243 268
179 241
145 175
375 432
141 77
180 204
216 385
463 103
281 15
265 290
235 263
14 102
283 285
2 12
49 61
43 253
274 427
66 299
63 79
265 87
257 461
50 186
416 4
402 9
464 478
25 387
155 333
282 309
344 359
241 85
345 410
263 316
293 322
403 54
188 339
75 105
386 392
210 446
279 331
446 470
9 176
341 466
398 418
479 50
403 427
176 200
70 143
251 263
377 396
370 372
317 34
257 275
133 266
312 473
299 41
290 282
76 201
453 476
248 477
184 387
3 13
457 89
369 384
467 472
335 46
465 13
268 271
313 315
171 178
125 231
17 129
279 284
106 282
77 78
284 474
149 188
422 389
280 298
155 196
75 97
310 187
261 357
415 400
150 152
383 402
228 257
406 422
472 476
57 66
189 424
385 391
165 191
447 475
189 207
171 188
352 456
431 176
67 114
288 401
55 65
131 146
313 468
168 193
184 352
154 417
368 392
118 125
59 84
108 118
42 72
124 153
138 315
35 277
94 249
375 47
421 433
301 411
357 383
340 364
433 458
271 294
407 421
67 149
115 154
262 286
213 401
405 431
48 201
352 412
221 249
360 371
198 213
153 327
367 373
278 294
372 387
152 181
256 274
345 374
14 277
307 328
140 165
301 307
360 101
145 82
102 225
313 319
427 464
456 127
158 249
353 436
289 297
286 308
419 436
161 414
175 31
184 204
359 371
134 265
327 340
33 59
434 369
153 224
224 457
42 219
426 191
392 393
36 225
29 42
324 348
401 410
172 202
393 255
235 170
130 194
202 226
218 323
369 387
85 128
371 467
57 87
219 248
216 228
18 29
320 387
358 109
419 450
470 68
39 216
170 265
376 68
468 416
442 75
148 231
127 134
383 467
382 399
435 389
463 153
261 282
32 143
21 86
78 118
323 39
331 338
206 211
225 244
109 129
205 232
266 268
280 303
337 58
253 18
208 227
129 246
5 160
312 323
304 333
201 231
250 264
11 152
470 156
173 345
156 266
381 124
330 333
114 135
119 366
210 74
126 294
191 212
471 475
204 20
459 6
254 462
239 259
138 144
75 99
39 61
466 475
360 399
304 190
138 336
330 354
298 307
7 36
283 354
250 361
132 314
432 454
242 189
390 421
456 279
369 301
112 264
372 385
296 322
71 235
72 94
155 179
469 2
161 102
212 352
333 318
305 324
389 242
390 91
353 55
81 63
211 230
187 413
260 286
93 336
142 165
281 297
239 299
241 255
193 211
48 350
82 281
120 138
156 285
86 90
367 206
449 473
13 73
51 479
181 309
182 187
459 122
108 207
284 285
405 408
140 49
245 349
309 315
473 13
474 72
366 386
200 355
222 398
88 232
329 199
147 164
173 180
246 439
111 272
53 60
471 161
349 51
275 295
203 107
64 388
179 302
47 276
263 405
165 191
111 112
295 326
35 3
296 278
201 317
178 203
314 128
391 392
82 262
58 81
398 401
307 391
257 294
334 37
400 406
125 144
6 338
236 259
389 455
45 373
271 289
259 273
60 83
147 420
217 245
113 183
54 63
342 459
83 105
275 46
426 290
25 35
321 330
285 132
192 94
152 218
252 110
83 112
259 275
343 449
211 222
351 369
465 102
219 37
176 197
251 276
62 216
302 411
450 217
435 6
413 440
91 119
426 449
237 391
320 386
8 12
0 246
117 143
251 278
274 280
99 260
68 95
323 340
306 456
198 203
149 163
416 437
190 189
364 370
97 110
384 407
64 81
203 210
467 477
276 287
375 404
285 299
346 103
247 249
84 61
388 125
366 154
199 309
261 274
87 95
383 335
150 327
436 125
149 161
188 247
263 294
22 52
368 387
356 412
409 427
55 58
447 455
222 128
349 359
62 243
441 470
150 221
415 59
162 189
312 320
233 249
446 476
452 473
300 324
27 36
436 443
468 17
342 64
129 89
111 342
341 355
145 263
298 170
64 99
337 345
225 233
269 284
339 7
432 436
166 329
66 439
86 133
4 132
425 4
150 171
285 302
233 381
12 42
276 306
157 185
294 19
175 190
361 12
380 398
151 435
275 295
110 138
8 38
236 247
369 372
0 260
332 235
274 371
448 456
278 442
475 16
365 123
301 360
385 386
161 262
344 467
234 280
397 478
206 210
268 279
243 399
210 414
188 308
9 334
442 50
74 283
213 362
374 51
427 441
370 387
242 15
446 457
434 82
404 423
350 393
377 402
313 458
142 167
332 477
341 372
265 266
452 472
380 435
169 192
314 364
207 221
357 111
217 113
196 222
246 251
319 383
215 233
111 120
396 200
283 296
158 198
333 423
220 239
376 317
472 205
43 71
103 218
219 238
17 27
50 282
62 86
282 284
186 423
331 333
352 372
451 2
282 174
354 422
310 431
81 99
271 50
229 232
140 167
69 91
307 337
466 189
214 360
324 325
105 223
43 80
281 139
231 243
428 460
326 110
179 353
74 103
60 82
156 163
119 278
215 429
425 432
464 470
441 472
434 472
23 27
178 206
160 165
292 314
349 374
287 310
422 67
361 380
264 145
37 119
473 165
474 21
52 257
24 92
356 172
223 419
355 84
86 108
232 329
212 277
387 416
224 337
151 182
11 42
92 121
192 224
398 414
444 377
404 405
72 267
177 279
58 298
229 418
401 360
354 370
267 288
345 433
4 26
33 49
31 61
332 31
123 125
204 221
33 224
159 175
0 7
470 6
79 143
316 27
228 248
338 413
439 51
90 433
115 448
393 67
351 358
38 154
237 285
258 279
405 432
469 166
365 136
417 34
371 392
226 315
270 275
76 89
119 354
336 58
87 88
122 133
154 157
394 413
194 217
44 452
182 208
352 50
317 453
64 469
298 478
258 259
185 27
404 217
136 147
150 357
143 21
266 369
175 356
440 169
302 323
256 338
282 287
458 154
93 117
429 250
195 118
254 256
322 55
3 25
141 213
478 147
414 143
442 446
331 351
98 123
91 256
37 105
409 423
4 5
224 382
7 26
25 48
26 279
412 348
416 63
310 341
439 329
174 194
212 219
381 395
79 100
41 64
390 111
376 215
157 82
117 120
252 272
179 239
362 380
229 246
475 160
471 3
400 284
227 248
94 4
290 245
248 255
187 199
79 88
479 203
103 296
434 309
132 134
128 278
299 321
303 390
10 29
17 29
236 298
157 385
44 46
462 472
384 42
382 459
388 443
117 409
187 348
272 273
454 439
116 383
281 282
358 362
190 392
35 149
308 272
371 17
62 93
133 166
151 155
386 463
223 243
310 379
318 50
304 401
163 191
38 62
455 469
227 67
246 307
370 383
454 464
19 415
207 233
158 12
339 221
160 163
38 212
119 392
23 158
471 475
280 406
100 109
338 368
41 53
449 475
171 478
249 212
453 88
176 184
24 53
47 53
44 152
324 335
148 253
180 460
436 464
197 199
182 279
123 135
234 257
59 80
268 142
415 456
305 51
319 348
291 359
402 432
414 442
274 298
465 470
36 64
105 126
425 454
247 277
345 346
45 150
130 150
450 469
8 32
199 227
69 196
60 70
338 52
133 138
225 241
378 439
258 274
402 417
297 323
424 439
454 474
157 159
31 94
273 291
97 117
127 131
420 439
80 61
417 2
399 419
384 406
206 228
133 145
75 122
421 434
89 108
127 261
413 432
476 51
476 17
57 300
139 368
362 393
293 294
87 108
422 441
114 63
254 283
29 208
52 284
191 221
396 120
168 216
362 372
19 49
243 466
16 26
424 439
39 70
267 446
24 225
120 138
458 2
260 271
167 187
7 102
226 235
479 3
318 319
34 40
235 441
67 79
335 87
295 307
358 55
96 379
443 468
109 119
277 10
149 357
40 69
3 188
103 127
61 80
287 291
315 326
216 77
1 347
232 306
214 234
312 316
69 207
318 69
449 457
218 336
139 264
216 426
276 288
362 365
396 403
317 129
169 189
101 254
194 207
454 463
17 48
244 260
193 218
297 325
328 329
338 352
46 96
361 414
413 121
423 72
347 354
232 263
158 188
126 255
137 153
445 451
430 138
474 72
194 208
418 419
118 124
1 4
327 46
302 479
166 281
447 413
406 419
65 133
100 128
123 197
430 456
336 36
353 364
323 352
226 248
245 264
169 187
342 352
273 292
255 410
292 378
455 145
136 143
461 226
41 137
155 56
97 110
217 274
144 157
404 414
175 200
95 106
407 143
307 331
71 389
108 244
198 453
214 152
335 142
270 400
170 324
345 457
387 41
131 149
260 214
235 288
121 316
317 244
303 313
397 114
113 284
363 433
216 241
351 377
170 278
53 69
14 39
348 296
452 476
322 324
107 378
290 316
196 301
101 118
47 191
188 192
33 39
336 360
181 209
69 273
134 160
360 454
437 51
425 430
5 150
372 379
29 34
325 476
427 443
164 191
94 298
305 321
103 305
77 91
163 417
170 138
413 426
126 133
52 80
333 469
303 330
49 78
278 45
94 111
343 368
249 278
204 217
44 197
83 94
20 88
193 429
220 399
68 92
212 232
386 402
274 230
107 113
374 59
353 478
475 464
311 362
223 473
169 382
464 475
383 401
446 464
193 230
175 286
210 227
9 29
337 396
419 439
206 301
394 421
476 5
16 80
340 38
433 452
410 412
18 19
129 143
244 245
249 270
218 433
228 239
33 41
28 96
118 147
428 455
373 430
115 120
1 348
368 387
375 148
292 297
331 386
180 188
378 400
138 151
296 312
435 461
107 20
468 13
202 219
421 441
145 162
88 324
230 235
370 194
365 298
291 314
435 441
56 76
403 417
30 36
203 209
348 33
2 20
68 264
116 461
120 150
183 203
420 60
104 72
253 20
285 392
248 121
340 76
104 239
88 124
255 14
73 46
92 112
266 475
125 339
295 326
4 13
164 282
425 92
453 457
96 241
440 469
294 324
270 296
13 33
105 177
50 65
135 165
346 347
348 344
306 329
477 0
91 113
394 404
328 3
417 420
351 216
245 273
49 253
163 18
75 239
236 260
207 209
116 275
438 457
36 162
10 430
305 308
327 115
13 120
230 256
190 205
66 109
389 397
240 265
31 40
190 195
164 191
412 420
18 36
201 365
404 426
25 49
241 313
32 44
30 33
304 89
45 97
249 366
174 195
411 437
350 353
46 185
470 85
242 101
153 270
399 406
121 123
479 249
121 208
418 422
104 107
158 164
430 457
148 150
239 392
266 331
146 181
445 463
