WeightedEdgeArray
22 42 8.38343757670e-01
238 81 4.10354818217e-01
140 221 7.68790280446e-01
13 73 6.20546175167e-01
211 50 4.40677656326e-01
93 10 1.52100240812e-02
141 159 8.96092796698e-01
226 14 9.04749795794e-01
32 195 8.52720612660e-01
239 152 4.19736773241e-01
159 177 7.97577353194e-01
205 206 3.88237153646e-01
72 212 2.69927256275e-01
0 7 7.84926451743e-02
233 9 8.07832706720e-01
158 12 8.47485562786e-01
218 83 1.98164882138e-01
238 2 8.03480532020e-01
128 52 6.48936932441e-01
144 25 1.70473512262e-02
117 120 8.21377399843e-01
165 191 5.37801158614e-01
84 112 2.77731177863e-01
115 208 4.84552753624e-01
237 1 4.59578484297e-02
38 212 4.01222461369e-01
110 112 2.48040674254e-01
170 25 4.38712990377e-01
194 27 4.90440921858e-02
184 204 9.79985447600e-01
70 124 6.89484058879e-01
182 99 6.60960955545e-01
108 137 3.93636127468e-01
117 169 8.22012085002e-01
79 100 4.11126801744e-01
22 25 2.82837974839e-01
127 156 5.12697421946e-02
143 20 9.05472946353e-01
40 9 7.24460644647e-01
56 58 8.24002618901e-01
13 3 5.84882369265e-01
134 156 8.05591436569e-01
202 217 5.25504522026e-01
190 189 3.27133407816e-01
175 116 8.43047713861e-02
235 170 8.11311902478e-01
21 58 5.13609295245e-01
159 160 9.86305452883e-01
176 184 7.58166526910e-01
54 81 6.43732948229e-01
213 122 4.73591817543e-01
33 49 6.64960014634e-01
150 221 5.44318139553e-01
8 12 2.76255649049e-01
78 83 2.33341887593e-01
40 55 1.84916375205e-01
9 176 3.81704488304e-01
21 86 2.46841129381e-01
182 187 1.12811592408e-01
63 93 2.14185854420e-02
77 106 9.77982369252e-01
77 96 6.89276810270e-01
28 36 5.88357259054e-01
81 86 3.42522356659e-01
97 117 8.13244748861e-01
148 169 4.32899564505e-01
143 57 2.97225621063e-01
6 234 2.12386043742e-01
111 32 9.08164666034e-01
140 167 6.39586973935e-01
5 36 6.13700912800e-01
156 55 5.26586607099e-01
142 157 7.80028335284e-01
193 211 5.93752034474e-01
16 36 2.90212526452e-01
86 117 8.97563688457e-01
108 211 8.31962850410e-01
141 213 4.09014809411e-01
51 235 8.52837174665e-01
57 87 3.25684964191e-01
238 14 7.42414492648e-01
114 135 4.38097958453e-01
122 144 1.38668342028e-01
3 25 7.18904121779e-01
192 80 4.62422637269e-01
8 133 1.85783580877e-01
139 156 9.74347580690e-01
26 183 3.98455705028e-01
174 195 3.50836753845e-01
230 235 2.15597432572e-01
47 191 7.59925119113e-01
52 80 8.08608771767e-01
184 112 5.20080136601e-01
212 112 4.50390642043e-01
31 61 3.13558601774e-02
111 122 5.41132954881e-01
149 117 4.24469473306e-01
187 173 3.52508496027e-01
157 159 6.28450033255e-02
181 201 8.77684010193e-01
107 91 7.29742387310e-01
123 197 6.22246645391e-01
36 225 3.72447297908e-01
204 183 8.98388963658e-01
67 79 5.72214382701e-01
98 110 4.56493630540e-01
79 88 6.21174466796e-02
98 123 8.58739804476e-01
127 5 3.78021094017e-01
167 187 8.55053774547e-01
207 233 6.12040833104e-01
9 82 8.73196134344e-02
12 112 4.57366053946e-01
101 110 1.84558021836e-01
38 68 8.81337887142e-01
13 1 4.84658383764e-01
96 139 1.32221758366e-01
137 60 9.83268811367e-01
230 16 3.65686826408e-01
219 106 2.22223627381e-01
139 164 4.59191985428e-02
108 118 7.56605741102e-01
14 102 6.50683016982e-01
159 206 5.53038855083e-01
112 225 4.38275075052e-01
144 157 4.73094000481e-02
205 232 3.85739591438e-01
122 31 2.83083484974e-01
83 112 3.45763795543e-01
225 11 6.75412770361e-02
216 186 9.54707056750e-01
156 185 8.36030323058e-01
175 200 5.07713600993e-01
99 110 3.63633333705e-01
37 39 6.95468088146e-01
10 108 5.72279009502e-01
200 203 4.07899177633e-01
161 174 1.35950829368e-01
48 110 1.14099845290e-01
235 48 4.26035863813e-01
153 224 8.05497481488e-01
91 113 5.03819286823e-01
136 143 4.51197872870e-01
153 47 9.58009562921e-01
237 28 1.50112430565e-01
98 110 9.96905060019e-01
189 191 6.68855756056e-01
47 53 1.33441335987e-01
146 164 9.35554092750e-01
218 193 2.57547297515e-01
171 238 7.54319694825e-02
209 232 1.23350410722e-01
53 66 7.78815936297e-01
106 114 7.39278510679e-01
42 117 2.84668755718e-01
32 17 4.68304657377e-01
207 219 2.38004476763e-01
164 191 4.14265205618e-01
140 165 1.25599662308e-01
15 61 1.84827934485e-01
17 27 7.99729432911e-02
27 56 7.63710621744e-01
126 15 6.00334706251e-01
71 206 5.39756967220e-01
79 143 3.04215317592e-01
149 113 7.33864215203e-01
55 68 4.41731395200e-01
154 205 4.44117158186e-01
82 62 1.46453845315e-01
194 217 1.24470039736e-01
4 132 8.16492538899e-01
5 150 2.95761299785e-01
183 203 5.45651409775e-02
173 180 8.07112869341e-01
50 42 5.09238833096e-01
217 174 6.35405508801e-02
64 99 9.15359806735e-01
110 138 1.52503117453e-01
220 159 9.69515141100e-01
76 66 3.05222761352e-01
203 234 7.53082358278e-01
139 24 5.53371568210e-01
69 79 2.75450916961e-01
150 117 1.37406376190e-01
43 80 2.22729441244e-01
67 114 9.01863508858e-01
24 31 7.47563910205e-01
189 199 6.01094007492e-01
55 58 9.00189997628e-02
54 215 8.71879964601e-01
132 134 5.83287106827e-01
92 181 4.62825317401e-01
189 207 3.03146473132e-01
86 133 2.09537874907e-01
179 62 7.65113054775e-01
41 137 6.72764497343e-01
14 35 2.26671012118e-01
140 150 8.84395046625e-01
133 139 7.20093857963e-01
155 56 6.17573238909e-01
180 86 5.66219755448e-01
1 108 2.78957965784e-01
12 71 1.17801731918e-01
193 218 4.97680893168e-02
86 90 7.54381030798e-01
163 192 6.03724516928e-01
147 180 6.11691291444e-01
93 96 8.44227122143e-02
165 103 6.86484968755e-01
196 222 9.45496646687e-01
105 126 4.53660883009e-01
200 117 8.01066264976e-01
92 121 5.28235037811e-01
55 67 3.50627690088e-01
217 4 7.66821154393e-02
95 71 1.53310665395e-01
80 63 9.47327744681e-01
9 234 7.02904534526e-01
218 5 2.93364944402e-01
216 145 1.22332390398e-01
78 83 6.66154590901e-01
175 31 4.18264157604e-01
197 206 1.49346552789e-01
16 47 2.95448260847e-01
32 44 1.52268353850e-03
39 216 7.75601318106e-01
20 88 6.18352036458e-01
118 124 1.39880120289e-01
15 22 9.75635203533e-01
121 145 7.42900651414e-01
100 128 4.58735779859e-01
58 70 5.73434156366e-01
43 71 3.30086772796e-01
191 202 6.43355464563e-02
172 200 8.71441536583e-01
133 145 6.55800633598e-01
130 132 9.07420699019e-01
95 6 2.93501127046e-01
44 46 7.36227646936e-01
152 94 5.64443008043e-02
90 118 4.48670937214e-01
42 72 3.66992758121e-01
211 222 5.31210466754e-01
92 80 6.99152620509e-02
102 121 3.57669338118e-01
9 94 7.29396865703e-01
69 91 9.24607111141e-01
224 14 8.41204114258e-02
29 42 2.38301781472e-01
116 143 5.50509477500e-01
186 183 9.61773210205e-01
179 69 9.97822705656e-01
151 160 1.04510157835e-01
171 183 2.51647332218e-01
237 45 6.79884260055e-01
58 72 2.67876519356e-01
7 36 3.83577999659e-01
101 130 6.70137739275e-01
11 87 6.92107948940e-01
70 143 1.80537091102e-01
123 125 4.54547245521e-01
18 166 6.90158363897e-01
231 3 1.19359516539e-01
66 199 2.62707201764e-01
94 9 2.04829815775e-02
135 155 1.04610629845e-01
26 31 8.87451202143e-01
63 79 9.20090334956e-01
191 212 4.85670285765e-01
189 184 7.06204556860e-01
171 188 8.69788307697e-01
19 176 4.89579639398e-01
74 18 2.79141832609e-01
209 173 6.21759466361e-01
151 155 6.31973552052e-01
145 175 2.79470732901e-01
212 218 6.62399499677e-01
61 80 8.76217868645e-01
47 220 4.03854912147e-02
51 239 2.43776079267e-01
211 217 3.78048177809e-01
11 38 7.81696399674e-01
184 147 7.38469632342e-02
187 174 2.10563279688e-03
63 72 3.08230554219e-01
234 21 6.35667873081e-01
160 165 9.19233949855e-01
23 27 4.16330217384e-01
13 120 8.37976456154e-01
231 11 7.07625505049e-01
10 16 9.52467543539e-01
21 208 4.88551415503e-01
183 205 7.33844046015e-01
69 196 1.18671624921e-01
224 235 2.66912042629e-01
149 163 8.72560357675e-01
213 46 1.38017903082e-02
173 105 9.01862219907e-01
196 138 1.87036011834e-01
37 138 4.56808835734e-01
66 59 7.12768857367e-01
103 65 8.46997561399e-01
119 220 3.61210084520e-02
175 190 2.86742440425e-01
129 6 5.40533055551e-01
239 15 7.30705583468e-01
30 147 9.26353705116e-01
34 30 7.26275097113e-01
87 108 8.90353028197e-01
180 188 2.36513860989e-01
3 13 4.00926886592e-01
102 150 4.27201827522e-01
117 141 4.66523195151e-01
131 149 8.14684135839e-02
169 142 3.67603002582e-01
108 207 3.54159830138e-01
180 204 6.26677997410e-01
59 75 9.48125408031e-02
103 218 1.39060895890e-01
155 93 8.67450805847e-01
60 70 6.48297749925e-01
27 47 9.44021399133e-01
90 117 1.24029736966e-01
107 20 7.18349920120e-01
4 26 1.13913950510e-01
197 199 4.57840009127e-01
155 196 5.76095328201e-01
206 210 4.30661691353e-02
57 60 8.88382703997e-02
76 79 1.35487345979e-01
147 31 2.95232762583e-01
49 64 6.94029306993e-01
133 26 8.51582716219e-01
121 208 2.26163058076e-01
40 46 3.08605092578e-02
82 99 7.07393790595e-01
157 187 8.61701901071e-01
77 91 5.30084874481e-03
185 27 3.06592564099e-01
128 102 8.88390238862e-01
45 150 2.08979711402e-01
152 180 4.95165090077e-01
73 224 2.53231572453e-01
118 147 4.60360947996e-01
227 8 7.48726034537e-01
232 9 7.52593464684e-01
83 105 7.24504223093e-01
170 84 6.39169257600e-01
198 213 6.62388186902e-02
18 19 2.24572271574e-01
204 20 3.89663228765e-01
189 207 6.42607739661e-01
87 95 8.29979428090e-02
59 80 2.00239793397e-01
56 81 2.65761865303e-01
221 0 7.24237207323e-02
165 191 2.64577993657e-01
8 166 4.13175316993e-01
142 88 8.70930406265e-01
178 206 9.17844967917e-02
3 28 2.67557045911e-01
170 138 3.84261535481e-01
38 154 7.12583804969e-01
222 11 9.95053427294e-01
133 138 1.30039611366e-01
122 133 4.93639102206e-02
39 61 2.64369540848e-01
16 80 6.44901760388e-01
60 85 8.94407079089e-01
162 38 2.86471109837e-01
64 81 8.30908366945e-01
136 78 5.35724135116e-02
37 119 2.85590671003e-01
148 150 3.24984080158e-01
68 95 5.71245484985e-01
198 218 6.39821723104e-01
169 178 7.60937290266e-01
103 163 2.06593071111e-01
138 96 9.84282767400e-01
172 188 3.33400578238e-02
156 26 3.29152617138e-01
17 129 6.17743051145e-01
199 227 4.74555541761e-01
227 67 9.61558592040e-01
174 59 1.09662593808e-01
62 75 3.58903655317e-01
99 106 8.01805001218e-01
34 40 3.68425067980e-01
76 89 3.96648158785e-01
49 13 6.76940278150e-01
116 207 5.34749737941e-01
3 27 3.04474836215e-01
94 4 4.18685662095e-01
120 150 8.36250737775e-01
177 207 7.61058167554e-02
178 148 2.37453846727e-01
50 230 1.03317729663e-01
181 184 2.51636412926e-01
160 179 5.95058045350e-01
75 99 8.99279939942e-01
11 42 2.83306029160e-01
204 95 7.39854201674e-01
11 0 9.43497410044e-01
178 203 2.88054808509e-01
94 58 3.21340411436e-01
207 231 5.17031055409e-01
198 203 7.36042079516e-01
176 230 8.08021280915e-01
47 36 1.90749201924e-01
234 17 6.03654905688e-01
128 225 5.34370495006e-03
172 202 3.34359767381e-01
117 143 6.05640502181e-01
214 3 4.27053342573e-01
145 162 6.45094591193e-01
67 101 6.27565854229e-02
68 92 2.56161825266e-01
82 90 6.87303689308e-01
103 56 5.53292394616e-02
110 116 3.96140339319e-01
11 152 6.57306453213e-01
137 153 7.18676638789e-01
141 77 7.91348661296e-01
226 8 4.13623945788e-01
96 1 8.69151123799e-01
223 124 1.41353322193e-01
51 56 4.29680555593e-01
19 20 9.70393852331e-02
236 26 2.77089214884e-01
149 188 5.91576691717e-01
32 143 8.63668947946e-01
107 137 4.89209266379e-01
58 203 6.55253292061e-01
35 37 7.54169395193e-01
110 40 1.98663559742e-01
106 42 3.34240938537e-01
158 9 6.09836033545e-01
38 62 7.49940867536e-01
96 153 9.15411632042e-01
116 35 1.44632041920e-01
148 231 5.16586733051e-01
12 188 8.08064908721e-01
98 71 2.64949495904e-01
100 109 5.72922104504e-01
84 157 4.91166706663e-01
161 102 6.48888944648e-01
167 171 9.50574464630e-01
65 85 3.05717935320e-01
124 151 8.34343614988e-01
193 212 7.61570534669e-02
101 106 1.69542783871e-01
124 59 6.52817115653e-01
8 38 5.51559571177e-01
162 189 7.94655210804e-01
75 122 1.99731159955e-03
181 183 7.68403996248e-01
195 220 1.35944524314e-01
227 1 4.08223105595e-01
144 128 6.92227581982e-01
104 107 2.20815221313e-01
153 87 2.74248780217e-01
92 112 5.53984556347e-01
133 166 9.18206224218e-01
132 74 7.45541076642e-01
220 227 7.62857746333e-01
161 24 9.09187081270e-02
43 13 9.47893546429e-01
29 208 5.92907217331e-01
225 0 7.19602149911e-01
221 184 8.88748963363e-01
162 117 4.56035258248e-01
94 93 5.21834452171e-01
61 225 8.05734131020e-01
54 164 7.60014308617e-02
216 77 2.72497310303e-01
46 50 4.48656072374e-01
48 106 6.41152750701e-01
129 186 7.88416889496e-01
168 204 2.01678016689e-01
201 232 8.42854592949e-01
132 155 7.26047633216e-02
14 39 1.38800702989e-01
196 61 4.07457411289e-01
54 203 5.53801855072e-01
52 17 7.93602871243e-01
62 216 9.38808452338e-02
85 128 2.76373227593e-01
66 62 1.33906566072e-01
126 54 4.07536893617e-01
69 207 7.45938452892e-01
37 59 8.96961852908e-01
67 149 2.67875343096e-01
50 65 5.10707456153e-01
231 234 7.76631161571e-02
204 221 3.50936423987e-01
119 126 6.63869784679e-01
40 166 8.23083613068e-02
187 108 9.78276742622e-01
215 233 1.26385834999e-01
62 3 6.88869007863e-01
44 197 9.77310624439e-01
224 142 2.71861137822e-01
33 41 5.56877491996e-01
131 146 9.40989635885e-01
159 175 2.86551038735e-02
209 126 2.75196770672e-01
199 147 1.57968867105e-01
61 75 8.53431803640e-01
113 183 9.25001389813e-01
218 239 1.84172228910e-01
63 89 6.92355630919e-01
52 206 1.81109564379e-01
215 216 4.59693235345e-01
78 147 6.92618006375e-01
130 144 6.06282009277e-01
156 45 1.88707653899e-01
229 17 3.74497204088e-01
177 12 6.04050357360e-01
45 63 8.75107306987e-01
210 1 3.16974565387e-01
88 232 4.87185020465e-01
168 23 6.42533198930e-01
23 212 5.02036428545e-01
69 33 5.01546191052e-01
1 4 9.36189537868e-01
52 44 3.29218120780e-01
198 213 4.53103801236e-01
83 82 2.33731302433e-02
93 112 8.86963481549e-01
228 12 1.60656044260e-01
171 178 4.65001099743e-01
192 15 9.89886959083e-01
165 167 2.80582716223e-01
215 190 5.37715492304e-01
172 176 8.23393105995e-01
194 214 1.12625334412e-01
53 62 2.55333726760e-01
141 78 1.58514204435e-01
156 163 5.72927047499e-01
135 151 8.99093130138e-01
166 41 1.71004136093e-01
16 37 7.41389388684e-01
84 61 9.04406249523e-01
222 225 2.94305891264e-01
224 97 7.01269886456e-01
44 212 5.17555301543e-01
31 60 8.05981850717e-01
50 54 3.27403116040e-01
78 118 5.95097078476e-01
106 128 9.32208125480e-01
202 212 3.31653770059e-01
233 175 4.84624487348e-01
42 219 7.19140690286e-01
208 170 5.57195565663e-01
92 112 9.40624420065e-01
87 93 1.85511400923e-03
192 94 3.32878632005e-01
212 37 4.40267489757e-01
23 30 6.25989672728e-01
138 75 9.94484599680e-01
158 164 1.85998518951e-01
176 63 4.57892746199e-01
73 93 7.27522299159e-01
79 95 9.19758668635e-01
7 102 5.03836626653e-01
164 18 8.33254609723e-01
26 61 6.48025018163e-02
127 21 2.92279549874e-01
168 191 3.64273851737e-01
228 8 5.27833769564e-01
97 138 6.30970942322e-01
162 110 1.32962358650e-01
91 16 7.03372891992e-01
222 128 9.65324657969e-01
15 9 9.80392424390e-02
36 56 6.55568038113e-01
125 231 5.32408439089e-01
90 102 7.94397281017e-01
229 178 1.13706873264e-01
131 3 6.21132167988e-01
123 133 8.96047655959e-01
61 234 1.25494838227e-01
15 79 3.05661937688e-01
24 225 6.59535646439e-01
37 105 7.12719487958e-01
57 66 9.85389897600e-01
56 76 2.83083957620e-02
82 41 1.59672826063e-01
232 104 5.70520895533e-01
28 123 8.58516690321e-01
166 18 6.29063695204e-01
89 117 1.97010057047e-01
220 61 3.49645914976e-01
112 191 5.17776129302e-01
75 97 8.85967758019e-01
223 228 4.96428756509e-01
109 129 6.79524906911e-01
18 72 9.30062866304e-01
114 99 9.60788142402e-01
43 65 3.30361434259e-01
134 25 5.97794000059e-01
63 65 6.28035548143e-01
80 61 8.56429263949e-02
145 82 6.81649237406e-01
53 60 9.55723049585e-01
20 147 9.49145178311e-02
227 41 2.57821996696e-01
239 19 5.27764326893e-01
120 86 7.85467206500e-01
145 162 7.50304120593e-02
188 7 2.68965916242e-01
33 59 8.18814862985e-01
66 109 1.34275462013e-01
97 110 2.82460014336e-01
23 158 6.97492281441e-01
90 30 5.60649219900e-01
227 81 9.87690426409e-01
74 103 1.02328246459e-01
167 161 2.84480884206e-01
95 3 4.95999851730e-01
19 49 8.74385823961e-01
0 6 6.46478149109e-01
115 154 9.14400347043e-01
34 18 2.55370719358e-01
72 27 5.17532181926e-01
209 233 8.89124432113e-01
174 202 3.15392956138e-01
46 96 6.37269141618e-01
206 61 9.25458876882e-01
103 127 7.92137535755e-01
214 122 2.22269140650e-01
109 119 5.45311565977e-01
111 120 8.33756545559e-01
228 239 1.24741637148e-01
0 17 4.73570582923e-01
134 164 9.64255475905e-01
89 81 2.41716414690e-01
2 21 3.76150583848e-01
197 128 2.52855997067e-01
214 120 8.45615728758e-01
162 147 9.80894845445e-01
59 74 1.76089588087e-01
192 224 5.50458950456e-01
119 38 1.97231178172e-02
45 49 3.10205912217e-01
232 23 7.05286394339e-01
121 125 5.93730038498e-01
158 188 9.24546001479e-01
182 208 4.10449337214e-02
179 113 4.39194888808e-01
186 193 8.60038728919e-01
39 34 6.39170631301e-01
223 179 7.33634296339e-01
224 217 8.79072768614e-01
97 110 5.86783848703e-02
219 8 6.06101843994e-01
72 75 7.53891626373e-02
136 147 3.47713051364e-01
125 36 4.03504993767e-01
6 151 9.40367658623e-01
101 14 7.83619927708e-01
237 151 2.13106903248e-01
24 53 3.62351091113e-01
157 185 8.73559450265e-01
172 207 8.64117457531e-02
201 231 4.72511990927e-01
151 195 6.75808283500e-01
91 98 1.88106107526e-02
121 76 4.76000009570e-01
50 186 2.65329271089e-01
109 206 7.10580124520e-01
84 111 9.35214336030e-01
45 97 1.48505832069e-01
1 5 5.31820237171e-01
153 30 9.45980561431e-01
60 83 1.60613406915e-01
137 158 5.58099295478e-01
144 164 5.65422049724e-01
151 182 8.53777301498e-01
202 226 1.93666249979e-01
107 113 4.65230517089e-01
219 238 8.65085414611e-01
115 138 1.56324161217e-02
75 105 6.74497624859e-02
36 64 3.61162536312e-01
137 41 4.07734827138e-01
195 220 8.38360159658e-01
87 88 5.58823957574e-01
33 39 7.91218623985e-01
169 192 1.36416222900e-01
184 233 4.17988917325e-01
102 125 3.49765383173e-01
65 81 7.77456820011e-01
23 35 3.46272286028e-01
120 138 5.27264053002e-01
109 54 4.79216876440e-01
239 3 4.36032913625e-01
47 152 6.54790203087e-01
24 53 7.03824642114e-02
110 24 4.71692704596e-02
238 18 7.13023319375e-01
221 107 7.86694742739e-01
236 58 2.00115067884e-01
44 152 3.34596244618e-01
198 134 3.73891701922e-01
128 38 5.86492037401e-01
177 56 8.47178256605e-01
22 201 7.15305124875e-01
164 42 2.23620420322e-01
126 83 7.20511855092e-01
39 70 8.84743767790e-01
41 24 8.55799336918e-01
105 177 7.55725020543e-01
220 239 2.23228693940e-02
46 185 2.86139915232e-01
209 72 3.45587596297e-01
40 69 4.27061469294e-01
1 37 6.57131276093e-01
97 122 8.49466104992e-01
87 234 9.43613223732e-01
138 144 1.52290132362e-01
150 87 4.23131737392e-01
114 123 7.25325369276e-02
137 226 8.01589435898e-01
73 46 3.68488196749e-01
194 207 5.23069050629e-01
219 230 5.10407028720e-01
188 99 4.95792332105e-01
12 10 6.71739863232e-01
55 72 6.67908387259e-02
218 96 3.71562366374e-01
221 234 6.88364945352e-01
48 71 9.78865407407e-01
77 78 3.92650384456e-02
24 92 4.87770802341e-01
164 169 1.81732689496e-01
64 229 5.76011112425e-01
214 152 8.00123641267e-01
225 4 1.92950181197e-01
223 3 2.32165732887e-01
185 208 4.28244517650e-01
212 232 8.95535943098e-01
182 194 1.85837440193e-01
217 34 8.62392918207e-01
17 29 1.01656964049e-01
136 162 4.51788649894e-01
30 132 7.45337390341e-01
17 203 7.50498702750e-01
105 127 6.24062973075e-02
158 198 4.60620302241e-01
32 146 2.51582981087e-01
235 4 5.60729636345e-01
95 106 2.07333019935e-01
129 143 4.40370179713e-01
230 10 3.10967102647e-01
72 152 8.17295212764e-01
239 59 8.72482649051e-01
22 52 1.04971530382e-01
19 45 1.80530576035e-02
113 44 3.72953733429e-01
207 221 7.71135633346e-01
34 40 1.27046583220e-02
7 171 6.76967571490e-02
21 158 3.58671801165e-01
34 51 4.07457320020e-01
122 126 8.21021521930e-01
59 84 5.59374224395e-01
86 108 9.37731705140e-01
157 82 4.76881323848e-01
146 151 6.74657853786e-01
183 196 7.56266675889e-01
48 21 4.25403662957e-02
105 223 6.45058834925e-02
212 219 2.70197800826e-01
201 77 4.78595567401e-01
220 224 6.38605995569e-01
85 95 3.35034778807e-01
178 64 6.21619078796e-01
195 118 9.29532475304e-01
135 66 4.79762814939e-02
89 91 2.95439121779e-01
143 21 7.23736562300e-01
25 35 7.09954506718e-01
109 120 3.42278000899e-02
114 63 4.62583743967e-01
200 115 6.54771134723e-01
236 20 6.97412346024e-01
139 83 8.63899916410e-01
88 104 1.06621238403e-01
88 84 3.04961443879e-01
217 113 2.70253418945e-01
41 53 8.44230919611e-01
167 139 2.52932175063e-02
215 187 4.54232544638e-01
134 160 2.66173461452e-01
222 228 3.89067187905e-01
29 34 8.29599206802e-01
42 56 9.34905656613e-02
154 177 9.31629016064e-01
67 188 4.10262798425e-01
203 209 8.27095244545e-01
231 206 1.14378644619e-01
196 62 8.59327176586e-02
81 99 1.89751198981e-01
46 37 3.97512086667e-01
88 124 6.43611548003e-01
74 43 7.46432715096e-01
38 51 2.45925542898e-01
195 82 3.78588062711e-01
152 218 6.33919158019e-01
233 141 7.37325903028e-02
28 43 3.43874164391e-01
19 175 7.18029138632e-01
146 18 2.25391455926e-01
7 26 3.90960094519e-02
211 33 4.43894580007e-01
160 163 6.61111154128e-01
163 177 9.12695568986e-02
26 39 6.37157735415e-01
140 49 9.12086554803e-01
176 197 2.68302916083e-01
150 152 5.50642129034e-01
210 174 8.51150945760e-01
188 234 3.07260039262e-02
71 149 4.96904207394e-01
6 98 6.45228971262e-01
138 147 2.85298172385e-01
49 78 7.02020972036e-01
10 29 8.74099517241e-02
91 117 3.26969624031e-01
71 74 5.70061817300e-01
142 165 8.52016902994e-01
166 181 7.32575943694e-02
35 149 2.78751742560e-01
46 155 1.19343996979e-01
116 221 2.53392913379e-01
153 176 6.53911177535e-01
184 206 9.37300194986e-01
56 85 1.28998832311e-01
203 218 4.19366920367e-01
129 27 6.37327554170e-01
173 127 7.90965333581e-02
49 236 2.56282158662e-01
27 36 5.55111136287e-01
171 185 1.91078695934e-01
57 37 4.77444227319e-01
75 239 4.93567238096e-01
161 22 6.42653503921e-01
68 24 8.23909514584e-02
232 89 7.53447278403e-02
93 117 8.15418935381e-02
192 0 3.21870922111e-01
211 230 5.14605352655e-01
76 87 3.82527438924e-02
2 12 5.31404898502e-02
207 209 2.96594306361e-01
76 201 7.23477212712e-01
142 167 6.52659008745e-01
190 152 7.36471343786e-01
213 161 9.00646126363e-01
107 138 3.38802679908e-01
41 185 8.61984333955e-01
104 239 8.29850278795e-01
102 225 1.17543806322e-01
44 64 2.94114214834e-01
135 165 4.89879237022e-01
73 91 2.63264636509e-01
60 82 7.10067479871e-01
99 2 8.78046121914e-01
154 157 4.17719395831e-01
169 189 4.70816792455e-01
166 89 6.77617134992e-01
0 20 1.23559045605e-01
66 70 3.72992362827e-04
206 228 2.26587293670e-01
53 69 9.85001773108e-01
74 92 8.09445713181e-01
81 216 5.07253813557e-01
81 63 5.32646817155e-02
51 55 8.58416475821e-01
234 40 8.17847326864e-01
5 27 4.25573720597e-01
65 85 7.03122369014e-02
30 61 6.86992348172e-01
36 152 6.47604591213e-01
95 154 4.49854056817e-01
139 128 9.69796740450e-01
208 119 7.17720280867e-01
4 19 5.53075498436e-01
81 140 3.57665833086e-01
74 204 8.79767037928e-01
187 199 6.20148153976e-01
85 33 5.80038560554e-01
132 145 1.33387331385e-01
233 10 1.23512852471e-01
121 123 2.53431372810e-01
58 81 2.92447201908e-01
106 133 7.46126825921e-01
118 125 7.04559882637e-01
88 109 9.74331771489e-01
167 181 3.87661086395e-01
100 101 8.32239727024e-01
208 232 6.35992411524e-01
4 5 9.34797143564e-02
213 225 1.00430494174e-01
146 176 2.63900849968e-01
77 96 9.93187038228e-01
20 29 9.39449404366e-01
190 223 5.96814404242e-01
131 141 3.66378343664e-01
29 8 7.52359772567e-01
147 203 8.68055737112e-01
85 23 3.85580593720e-01
83 94 1.47301299963e-01
217 5 6.70975114219e-01
205 207 6.29494144581e-01
2 75 4.60106185637e-01
221 9 9.54685872421e-03
159 174 7.39677800331e-01
6 20 5.33888667356e-01
10 190 3.73356303200e-01
45 133 8.59136134386e-02
90 193 5.17971411347e-01
229 20 5.70806423668e-01
229 232 1.29516999237e-01
146 181 9.97676793486e-01
70 88 4.02451430913e-01
183 30 4.73214352038e-01
228 151 4.40639392473e-02
169 187 8.02652497776e-01
68 200 3.07468056213e-01
127 134 2.61977324728e-01
160 180 7.20943361521e-02
4 13 8.31373345573e-01
154 189 3.15701413900e-01
86 92 3.33142621908e-01
135 160 8.96836666856e-01
214 234 7.42381711025e-01
143 95 9.72306221258e-01
201 125 5.46719003469e-01
100 131 3.03394287825e-01
126 150 1.35576891713e-01
27 46 8.36962404661e-01
129 89 4.29063396994e-01
123 135 1.47664796095e-01
18 29 9.01017284021e-01
30 36 6.62353848573e-01
231 0 4.04466025066e-01
124 142 2.41645963397e-01
123 135 8.48472109996e-01
112 24 5.00841842964e-01
219 37 3.67460674606e-01
206 211 7.98903927207e-02
166 192 8.21613785811e-01
94 111 6.03653445374e-01
124 153 3.25286120176e-01
43 73 9.33056061622e-01
120 148 5.42935960926e-01
164 191 4.69358460978e-01
64 85 1.98774180841e-01
232 66 9.56968335435e-01
127 131 5.59262631927e-01
25 147 2.52488107421e-01
180 208 1.04824997485e-01
68 90 8.72314760927e-01
206 230 3.99870385416e-01
115 120 3.32357617561e-01
236 19 9.34142294805e-01
35 55 6.31902751978e-01
233 239 3.07964419480e-01
216 1 7.07610901911e-01
20 43 3.07971578557e-01
155 179 2.03352747485e-03
125 99 9.94479964953e-01
98 125 3.89254758134e-01
150 171 1.54037099797e-01
163 181 9.76068197750e-01
118 130 9.49922225904e-01
1 107 4.04222085141e-01
200 134 1.41857252456e-01
57 58 9.39530498814e-01
181 69 8.35902561434e-01
203 210 3.21262300014e-01
42 86 7.45840282179e-02
152 67 6.59595521167e-01
168 193 6.61907587666e-01
65 52 3.37722927798e-01
157 145 8.01848475821e-02
154 161 6.38915331103e-01
10 120 5.16320315190e-01
16 26 2.06228696741e-01
79 4 7.80698189046e-01
56 57 6.08486474957e-01
80 98 5.94658146147e-01
199 69 3.85179952718e-02
29 40 8.46492768731e-01
122 13 5.72885457892e-01
160 211 4.45391285233e-01
125 144 8.93431449309e-01
200 13 7.11394336075e-01
190 195 2.92026620358e-01
138 151 4.68493785243e-01
73 75 4.48380045127e-01
5 7 5.40445111692e-02
195 200 2.94781401753e-02
149 161 5.41350747459e-01
51 126 2.66887999140e-01
116 147 7.15320897289e-02
199 221 9.26554281265e-01
173 194 6.54758225661e-01
17 48 7.63935036957e-04
186 195 8.67856561672e-01
191 204 8.30047109630e-01
53 54 3.84146883618e-01
234 9 9.08215939533e-01
104 144 6.30013273098e-01
193 230 7.37609282136e-01
236 7 2.92792488821e-01
36 162 1.23033182696e-01
22 99 8.32391638774e-01
20 61 6.37576308567e-01
2 20 4.74315580912e-01
213 226 7.80150135979e-01
130 78 7.41057367995e-01
113 142 5.45042783953e-01
223 233 2.54069110844e-01
96 106 8.44687199686e-01
59 84 6.14164638333e-01
8 32 5.93503539450e-01
64 148 1.63816326763e-01
93 105 7.14667315129e-01
126 133 2.95666403137e-01
35 3 2.98478713725e-01
52 7 2.49951868318e-02
205 217 5.51787889563e-02
27 51 8.10373574495e-04
96 139 8.55355386157e-01
147 164 2.80585403554e-01
31 94 6.82856114581e-02
18 36 9.19138554484e-01
3 188 6.72891370952e-01
208 227 4.57264482509e-01
235 201 8.13998856582e-01
125 92 8.17666606512e-01
102 118 4.24396141898e-01
15 93 3.73512936290e-01
91 119 7.32929832768e-01
2 17 7.21938080154e-01
82 22 4.64752802625e-01
161 219 1.98206570931e-02
112 130 6.60666843411e-01
176 200 6.80981684476e-01
170 176 3.92559048720e-01
225 1 9.24262360670e-01
190 205 7.00902298093e-01
111 112 6.88571228180e-01
141 213 3.09489158913e-01
175 46 7.07351290621e-02
25 49 3.94578033127e-01
112 100 4.56571091898e-01
119 114 5.55952787399e-02
226 228 8.96837941837e-01
134 154 2.99161898438e-01
62 93 3.68325510528e-01
174 194 6.37750402093e-02
163 191 6.38556865975e-01
202 219 3.77205340192e-02
144 229 7.58969119750e-01
9 29 6.14957456477e-01
210 227 3.42969828751e-01
80 99 8.81609092467e-01
228 17 7.26822278928e-01
71 192 4.59622120485e-01
197 146 5.48061663285e-02
105 230 8.47046944313e-01
83 107 5.86779426783e-01
6 17 1.72131178901e-01
100 129 8.92750907689e-01
128 60 6.92539290991e-01
201 225 3.10271118302e-01
65 133 1.05361362919e-01
205 220 8.15070016775e-01
60 90 8.19613342639e-01
185 201 4.34322750196e-01
89 68 1.44715254195e-01
238 20 9.44394411519e-01
104 72 5.55239235982e-01
152 181 2.72111581173e-01
168 216 7.76826259680e-02
186 203 6.57871479169e-01
182 39 4.66794671956e-01
120 138 3.64427235909e-02
177 39 7.63452289626e-01
199 205 5.27272671461e-01
71 235 3.72050527949e-01
229 6 6.96771312505e-02
235 23 6.70088636223e-01
230 7 4.24418722279e-01
178 206 7.71523231175e-01
78 70 5.98737332970e-01
99 20 3.25871099718e-01
41 64 3.34320484661e-01
191 208 7.39725620020e-01
210 74 4.53614931088e-01
39 59 5.70144001395e-02
170 38 1.35489301756e-02
132 140 5.80542089883e-01
84 60 1.36342979968e-01
14 2 9.00273878127e-01
104 115 9.72091749310e-01
180 220 2.99888046458e-01
163 18 1.03477374185e-01
54 63 8.45573341008e-01
70 76 8.41799784917e-01
111 102 3.89072574209e-01
101 118 2.23424599506e-01
85 116 9.75175260566e-01
234 21 9.66867062729e-01
191 221 3.46629157662e-01
30 33 8.83405325003e-02
202 73 8.41510563157e-01
31 40 6.77180325612e-01
194 208 1.97660754435e-01
151 88 9.66673795134e-01
108 4 5.49341106787e-01
61 68 6.04654219002e-01
25 62 9.17220570613e-01
13 33 6.75059023779e-01
28 46 4.98083472718e-01
237 99 4.44052926730e-01
25 48 5.34318949096e-01
179 239 3.57943219133e-01
130 194 3.59811299480e-01
165 167 9.37314650044e-01
148 13 5.64737710636e-01
7 13 1.34527369868e-01
187 7 1.43057237845e-01
21 46 9.62732618209e-01
142 168 4.82317368500e-01
204 217 4.16434514336e-02
115 141 4.95970756747e-02
230 175 8.70786916465e-01
208 64 1.08497577254e-01
70 93 1.01549893618e-01
14 37 9.02156960219e-02
188 68 6.78847095463e-01
174 188 8.89364356175e-01
183 173 7.19431167934e-01
26 46 7.11123024113e-01
55 65 3.03926141001e-01
148 145 7.89716904517e-01
118 132 5.02355781384e-01
89 108 6.20639484841e-01
193 189 3.29790737014e-01
114 116 8.00475842785e-01
196 212 4.18085195124e-01
226 235 4.00934556965e-01
215 189 2.37922255415e-01
28 96 9.27241500933e-01
177 204 4.92533566430e-01
147 171 4.38058548607e-01
155 122 4.04419247061e-02
0 192 3.62313159741e-01
117 144 3.18162568845e-01
145 23 9.21209747903e-01
5 160 6.35679561645e-01
113 137 1.48839847650e-01
197 84 2.22536263522e-01
33 224 9.88509773742e-01
136 145 7.06133985426e-01
99 102 3.75908934511e-02
143 230 9.29091265425e-03
31 46 7.67836047336e-01
179 1 6.20040096343e-01
106 109 7.74801429361e-02
35 38 9.11863435060e-01
124 228 6.80052248295e-01
210 206 3.97002127487e-01
131 137 7.39883954637e-01
173 176 5.44896902516e-01
222 158 2.88163728081e-01
119 152 2.79210614972e-02
130 150 5.18125049304e-01
226 75 5.72268943768e-01
185 217 3.25228501577e-01
72 94 9.32515083347e-01
225 233 4.32801542804e-01
62 86 3.92302068416e-01
80 101 2.30281813536e-01
12 42 9.37583878171e-01
58 176 4.39208120573e-01
113 24 2.90876397863e-01
181 209 1.99838345870e-02
186 127 8.72013676446e-01
216 228 9.53494308982e-01
185 225 6.10060281120e-01
188 192 4.42798261531e-01
203 107 4.39005866647e-02
48 201 6.19297422469e-01
49 61 1.30595152732e-01
