WeightedEdgeArray
22 42 8.38343757670e-01
58 56 4.10354818217e-01
2 12 7.68790280446e-01
13 73 6.20546175167e-01
112 100 4.40677656326e-01
93 10 1.52100240812e-02
3 68 8.96092796698e-01
58 81 9.04749795794e-01
32 75 8.52720612660e-01
70 88 4.19736773241e-01
111 102 7.97577353194e-01
64 28 3.88237153646e-01
72 92 2.69927256275e-01
0 7 7.84926451743e-02
113 17 8.07832706720e-01
56 85 8.47485562786e-01
80 61 1.98164882138e-01
75 119 8.03480532020e-01
119 38 6.48936932441e-01
23 35 1.70473512262e-02
117 0 8.21377399843e-01
65 81 5.37801158614e-01
84 112 2.77731177863e-01
115 88 4.84552753624e-01
72 94 4.59578484297e-02
38 92 4.01222461369e-01
110 112 2.48040674254e-01
111 112 4.38712990377e-01
20 43 4.90440921858e-02
42 56 9.79985447600e-01
70 4 6.89484058879e-01
85 23 6.60960955545e-01
108 17 3.93636127468e-01
117 49 8.22012085002e-01
79 100 4.11126801744e-01
22 25 2.82837974839e-01
105 110 5.12697421946e-02
82 22 9.05472946353e-01
40 9 7.24460644647e-01
56 58 8.24002618901e-01
13 3 5.84882369265e-01
45 97 8.05591436569e-01
81 99 5.25504522026e-01
114 116 3.27133407816e-01
51 55 8.43047713861e-02
35 38 8.11311902478e-01
21 58 5.13609295245e-01
0 20 9.86305452883e-01
65 85 7.58166526910e-01
54 81 6.43732948229e-01
118 10 4.73591817543e-01
33 49 6.64960014634e-01
32 26 5.44318139553e-01
8 12 2.76255649049e-01
78 83 2.33341887593e-01
40 55 1.84916375205e-01
9 56 3.81704488304e-01
21 86 2.46841129381e-01
29 8 1.12811592408e-01
63 93 2.14185854420e-02
77 106 9.77982369252e-01
77 96 6.89276810270e-01
28 36 5.88357259054e-01
81 86 3.42522356659e-01
97 117 8.13244748861e-01
70 93 4.32899564505e-01
1 37 2.97225621063e-01
6 114 2.12386043742e-01
111 32 9.08164666034e-01
77 78 6.39586973935e-01
5 36 6.13700912800e-01
97 2 5.26586607099e-01
39 70 7.80028335284e-01
115 21 5.93752034474e-01
16 36 2.90212526452e-01
86 117 8.97563688457e-01
108 91 8.31962850410e-01
71 29 4.09014809411e-01
51 115 8.52837174665e-01
57 87 3.25684964191e-01
4 13 7.42414492648e-01
114 15 4.38097958453e-01
97 110 1.38668342028e-01
3 25 7.18904121779e-01
25 27 4.62422637269e-01
8 13 1.85783580877e-01
24 53 9.74347580690e-01
26 63 3.98455705028e-01
66 70 3.50836753845e-01
89 108 2.15597432572e-01
47 71 7.59925119113e-01
52 80 8.08608771767e-01
90 73 5.20080136601e-01
119 114 4.50390642043e-01
31 61 3.13558601774e-02
111 2 5.41132954881e-01
45 49 4.24469473306e-01
87 114 3.52508496027e-01
88 84 6.28450033255e-02
35 29 8.77684010193e-01
107 91 7.29742387310e-01
95 3 6.22246645391e-01
36 105 3.72447297908e-01
97 110 8.98388963658e-01
67 79 5.72214382701e-01
98 110 4.56493630540e-01
79 88 6.21174466796e-02
98 3 8.58739804476e-01
109 54 3.78021094017e-01
22 99 8.55053774547e-01
18 36 6.12040833104e-01
9 82 8.73196134344e-02
12 112 4.57366053946e-01
101 110 1.84558021836e-01
38 68 8.81337887142e-01
13 1 4.84658383764e-01
96 19 1.32221758366e-01
87 88 9.83268811367e-01
118 12 3.65686826408e-01
102 118 2.22223627381e-01
100 11 4.59191985428e-02
108 118 7.56605741102e-01
14 102 6.50683016982e-01
67 68 5.53038855083e-01
112 105 4.38275075052e-01
91 119 4.73094000481e-02
96 106 3.85739591438e-01
66 109 2.83083484974e-01
83 112 3.45763795543e-01
61 68 6.75412770361e-02
60 90 9.54707056750e-01
25 35 8.36030323058e-01
81 63 5.07713600993e-01
99 110 3.63633333705e-01
37 39 6.95468088146e-01
10 108 5.72279009502e-01
73 75 4.07899177633e-01
113 24 1.35950829368e-01
48 110 1.14099845290e-01
34 18 4.26035863813e-01
23 38 8.05497481488e-01
91 113 5.03819286823e-01
36 64 4.51197872870e-01
95 34 9.58009562921e-01
80 101 1.50112430565e-01
98 110 9.96905060019e-01
19 49 6.68855756056e-01
47 53 1.33441335987e-01
48 71 9.35554092750e-01
29 40 2.57547297515e-01
46 37 7.54319694825e-02
34 40 1.23350410722e-01
53 66 7.78815936297e-01
106 114 7.39278510679e-01
42 117 2.84668755718e-01
32 17 4.68304657377e-01
31 94 2.38004476763e-01
35 3 4.14265205618e-01
44 32 1.25599662308e-01
15 61 1.84827934485e-01
17 27 7.99729432911e-02
27 56 7.63710621744e-01
109 119 6.00334706251e-01
71 86 5.39756967220e-01
79 23 3.04215317592e-01
115 18 7.33864215203e-01
55 68 4.41731395200e-01
115 34 4.44117158186e-01
82 62 1.46453845315e-01
2 21 1.24470039736e-01
4 12 8.16492538899e-01
5 30 2.95761299785e-01
6 20 5.45651409775e-02
99 2 8.07112869341e-01
50 42 5.09238833096e-01
7 51 6.35405508801e-02
64 99 9.15359806735e-01
110 18 1.52503117453e-01
39 59 9.69515141100e-01
76 66 3.05222761352e-01
104 24 7.53082358278e-01
47 32 5.53371568210e-01
69 79 2.75450916961e-01
95 106 1.37406376190e-01
43 80 2.22729441244e-01
67 114 9.01863508858e-01
24 31 7.47563910205e-01
18 29 6.01094007492e-01
55 58 9.00189997628e-02
54 95 8.71879964601e-01
41 65 5.83287106827e-01
92 61 4.62825317401e-01
30 36 3.03146473132e-01
86 13 2.09537874907e-01
106 13 7.65113054775e-01
41 17 6.72764497343e-01
14 35 2.26671012118e-01
16 26 8.84395046625e-01
116 27 7.20093857963e-01
1 107 6.17573238909e-01
100 101 5.66219755448e-01
1 108 2.78957965784e-01
12 71 1.17801731918e-01
35 55 4.97680893168e-02
86 90 7.54381030798e-01
25 49 6.03724516928e-01
25 62 6.11691291444e-01
93 96 8.44227122143e-02
91 117 6.86484968755e-01
57 58 9.45496646687e-01
105 6 4.53660883009e-01
5 7 8.01066264976e-01
92 1 5.28235037811e-01
55 67 3.50627690088e-01
49 116 7.66821154393e-02
95 71 1.53310665395e-01
80 63 9.47327744681e-01
9 114 7.02904534526e-01
71 115 2.93364944402e-01
65 13 1.22332390398e-01
78 83 6.66154590901e-01
74 92 4.18264157604e-01
60 82 1.49346552789e-01
16 47 2.95448260847e-01
32 44 1.52268353850e-03
39 96 7.75601318106e-01
20 88 6.18352036458e-01
118 4 1.39880120289e-01
15 22 9.75635203533e-01
113 22 7.42900651414e-01
100 8 4.58735779859e-01
58 70 5.73434156366e-01
43 71 3.30086772796e-01
43 73 6.43355464563e-02
104 119 8.71441536583e-01
91 98 6.55800633598e-01
39 34 9.07420699019e-01
95 6 2.93501127046e-01
44 46 7.36227646936e-01
34 51 5.64443008043e-02
90 118 4.48670937214e-01
42 72 3.66992758121e-01
22 81 5.31210466754e-01
92 80 6.99152620509e-02
102 1 3.57669338118e-01
9 94 7.29396865703e-01
69 91 9.24607111141e-01
22 52 8.41204114258e-02
29 42 2.38301781472e-01
116 23 5.50509477500e-01
68 80 9.61773210205e-01
20 27 9.97822705656e-01
113 44 1.04510157835e-01
64 85 2.51647332218e-01
62 86 6.79884260055e-01
58 72 2.67876519356e-01
7 36 3.83577999659e-01
101 10 6.70137739275e-01
11 87 6.92107948940e-01
70 23 1.80537091102e-01
90 30 4.54547245521e-01
18 46 6.90158363897e-01
110 24 1.19359516539e-01
66 79 2.62707201764e-01
94 9 2.04829815775e-02
114 3 1.04610629845e-01
26 31 8.87451202143e-01
63 79 9.20090334956e-01
109 86 4.85670285765e-01
74 103 7.06204556860e-01
76 81 8.69788307697e-01
19 56 4.89579639398e-01
74 18 2.79141832609e-01
2 17 6.21759466361e-01
36 42 6.31973552052e-01
27 46 2.79470732901e-01
62 93 6.62399499677e-01
61 80 8.76217868645e-01
47 100 4.03854912147e-02
51 119 2.43776079267e-01
81 96 3.78048177809e-01
11 38 7.81696399674e-01
45 13 7.38469632342e-02
119 32 2.10563279688e-03
63 72 3.08230554219e-01
99 102 6.35667873081e-01
20 29 9.19233949855e-01
23 27 4.16330217384e-01
13 0 8.37976456154e-01
46 96 7.07625505049e-01
10 16 9.52467543539e-01
21 88 4.88551415503e-01
104 115 7.33844046015e-01
69 76 1.18671624921e-01
108 4 2.66912042629e-01
17 83 8.72560357675e-01
17 48 1.38017903082e-02
73 91 9.01862219907e-01
21 38 1.87036011834e-01
37 18 4.56808835734e-01
66 59 7.12768857367e-01
103 65 8.46997561399e-01
119 100 3.61210084520e-02
53 69 2.86742440425e-01
53 60 5.40533055551e-01
49 61 7.30705583468e-01
30 27 9.26353705116e-01
34 30 7.26275097113e-01
87 108 8.90353028197e-01
4 5 2.36513860989e-01
3 13 4.00926886592e-01
102 30 4.27201827522e-01
117 21 4.66523195151e-01
72 75 8.14684135839e-02
74 43 3.67603002582e-01
108 87 3.54159830138e-01
13 33 6.26677997410e-01
59 75 9.48125408031e-02
103 98 1.39060895890e-01
19 45 8.67450805847e-01
60 70 6.48297749925e-01
27 47 9.44021399133e-01
90 117 1.24029736966e-01
107 20 7.18349920120e-01
4 26 1.13913950510e-01
10 0 4.57840009127e-01
99 20 5.76095328201e-01
52 7 4.30661691353e-02
57 60 8.88382703997e-02
76 79 1.35487345979e-01
71 72 2.95232762583e-01
49 64 6.94029306993e-01
72 32 8.51582716219e-01
12 10 2.26163058076e-01
40 46 3.08605092578e-02
82 99 7.07393790595e-01
88 104 8.61701901071e-01
77 91 5.30084874481e-03
2 75 3.06592564099e-01
68 90 8.88390238862e-01
45 30 2.08979711402e-01
96 19 4.95165090077e-01
73 104 2.53231572453e-01
118 27 4.60360947996e-01
7 13 7.48726034537e-01
101 118 7.52593464684e-01
83 105 7.24504223093e-01
93 117 6.39169257600e-01
80 98 6.62388186902e-02
18 19 2.24572271574e-01
20 61 3.89663228765e-01
33 104 6.42607739661e-01
87 95 8.29979428090e-02
59 80 2.00239793397e-01
56 81 2.65761865303e-01
12 42 7.24237207323e-02
10 29 2.64577993657e-01
8 46 4.13175316993e-01
46 65 8.70930406265e-01
60 83 9.17844967917e-02
3 28 2.67557045911e-01
76 87 3.84261535481e-01
38 34 7.12583804969e-01
70 76 9.95053427294e-01
50 66 1.30039611366e-01
86 108 4.93639102206e-02
39 61 2.64369540848e-01
16 80 6.44901760388e-01
60 85 8.94407079089e-01
28 43 2.86471109837e-01
64 81 8.30908366945e-01
107 113 5.35724135116e-02
37 119 2.85590671003e-01
77 96 3.24984080158e-01
68 95 5.71245484985e-01
33 59 6.39821723104e-01
0 72 7.60937290266e-01
103 43 2.06593071111e-01
102 5 9.84282767400e-01
107 18 3.33400578238e-02
89 91 3.29152617138e-01
17 9 6.17743051145e-01
112 24 4.74555541761e-01
21 46 9.61558592040e-01
46 35 1.09662593808e-01
62 75 3.58903655317e-01
99 106 8.01805001218e-01
34 40 3.68425067980e-01
76 89 3.96648158785e-01
49 13 6.76940278150e-01
116 87 5.34749737941e-01
3 27 3.04474836215e-01
94 4 4.18685662095e-01
55 72 8.36250737775e-01
4 19 7.61058167554e-02
74 84 2.37453846727e-01
50 110 1.03317729663e-01
84 60 2.51636412926e-01
28 96 5.95058045350e-01
75 99 8.99279939942e-01
11 42 2.83306029160e-01
9 29 7.39854201674e-01
11 0 9.43497410044e-01
85 33 2.88054808509e-01
94 58 3.21340411436e-01
64 109 5.17031055409e-01
79 4 7.36042079516e-01
106 109 8.08021280915e-01
47 36 1.90749201924e-01
88 109 6.03654905688e-01
19 55 5.34370495006e-03
44 64 3.34359767381e-01
117 23 6.05640502181e-01
65 52 4.27053342573e-01
103 7 6.45094591193e-01
67 101 6.27565854229e-02
68 92 2.56161825266e-01
82 90 6.87303689308e-01
103 56 5.53292394616e-02
110 116 3.96140339319e-01
11 32 6.57306453213e-01
33 39 7.18676638789e-01
59 74 7.91348661296e-01
49 78 4.13623945788e-01
96 1 8.69151123799e-01
85 116 1.41353322193e-01
51 56 4.29680555593e-01
19 20 9.70393852331e-02
10 70 2.77089214884e-01
105 7 5.91576691717e-01
32 23 8.63668947946e-01
107 17 4.89209266379e-01
58 83 6.55253292061e-01
35 37 7.54169395193e-01
110 40 1.98663559742e-01
106 42 3.34240938537e-01
104 72 6.09836033545e-01
38 62 7.49940867536e-01
96 33 9.15411632042e-01
116 35 1.44632041920e-01
17 29 5.16586733051e-01
12 68 8.08064908721e-01
98 71 2.64949495904e-01
100 109 5.72922104504e-01
84 37 4.91166706663e-01
38 51 6.48888944648e-01
116 101 9.50574464630e-01
65 85 3.05717935320e-01
0 6 8.34343614988e-01
115 0 7.61570534669e-02
101 106 1.69542783871e-01
72 27 6.52817115653e-01
8 38 5.51559571177e-01
7 26 7.94655210804e-01
75 2 1.99731159955e-03
93 105 7.68403996248e-01
85 95 1.35944524314e-01
41 24 4.08223105595e-01
73 46 6.92227581982e-01
104 107 2.20815221313e-01
59 84 2.74248780217e-01
92 112 5.53984556347e-01
48 81 9.18206224218e-01
24 53 7.45541076642e-01
41 64 7.62857746333e-01
88 4 9.09187081270e-02
43 13 9.47893546429e-01
29 88 5.92907217331e-01
28 46 7.19602149911e-01
14 2 8.88748963363e-01
75 105 4.56035258248e-01
94 93 5.21834452171e-01
61 105 8.05734131020e-01
54 44 7.60014308617e-02
59 84 2.72497310303e-01
46 50 4.48656072374e-01
48 106 6.41152750701e-01
118 5 7.88416889496e-01
27 51 2.01678016689e-01
30 12 8.42854592949e-01
101 14 7.26047633216e-02
14 39 1.38800702989e-01
42 86 4.07457411289e-01
54 83 5.53801855072e-01
52 17 7.93602871243e-01
62 96 9.38808452338e-02
85 8 2.76373227593e-01
66 62 1.33906566072e-01
111 0 4.07536893617e-01
69 87 7.45938452892e-01
37 59 8.96961852908e-01
67 29 2.67875343096e-01
50 65 5.10707456153e-01
83 94 7.76631161571e-02
2 20 3.50936423987e-01
119 6 6.63869784679e-01
40 46 8.23083613068e-02
51 6 9.78276742622e-01
83 107 1.26385834999e-01
62 3 6.88869007863e-01
44 77 9.77310624439e-01
31 46 2.71861137822e-01
33 41 5.56877491996e-01
78 70 9.40989635885e-01
29 34 2.86551038735e-02
15 93 2.75196770672e-01
25 48 1.57968867105e-01
61 75 8.53431803640e-01
113 63 9.25001389813e-01
5 27 1.84172228910e-01
63 89 6.92355630919e-01
52 86 1.81109564379e-01
6 17 4.59693235345e-01
78 27 6.92618006375e-01
48 21 6.06282009277e-01
114 63 1.88707653899e-01
0 17 3.74497204088e-01
81 20 6.04050357360e-01
45 63 8.75107306987e-01
112 10 3.16974565387e-01
88 112 4.87185020465e-01
27 36 6.42533198930e-01
23 92 5.02036428545e-01
69 33 5.01546191052e-01
1 4 9.36189537868e-01
52 44 3.29218120780e-01
56 57 4.53103801236e-01
83 82 2.33731302433e-02
93 112 8.86963481549e-01
68 24 1.60656044260e-01
94 111 4.65001099743e-01
117 24 9.89886959083e-01
6 98 2.80582716223e-01
100 9 5.37715492304e-01
102 105 8.23393105995e-01
98 5 1.12625334412e-01
53 62 2.55333726760e-01
80 99 1.58514204435e-01
109 0 5.72927047499e-01
57 37 8.99093130138e-01
105 57 1.71004136093e-01
16 37 7.41389388684e-01
84 61 9.04406249523e-01
54 63 2.94305891264e-01
31 40 7.01269886456e-01
44 92 5.17555301543e-01
31 60 8.05981850717e-01
50 54 3.27403116040e-01
78 118 5.95097078476e-01
106 8 9.32208125480e-01
63 65 3.31653770059e-01
5 40 4.84624487348e-01
42 99 7.19140690286e-01
53 54 5.57195565663e-01
92 112 9.40624420065e-01
87 93 1.85511400923e-03
1 5 3.32878632005e-01
84 111 4.40267489757e-01
23 30 6.25989672728e-01
55 65 9.94484599680e-01
41 53 1.85998518951e-01
30 61 4.57892746199e-01
73 93 7.27522299159e-01
79 95 9.19758668635e-01
7 102 5.03836626653e-01
40 69 8.33254609723e-01
26 61 6.48025018163e-02
89 81 2.92279549874e-01
105 103 3.64273851737e-01
14 37 5.27833769564e-01
97 18 6.30970942322e-01
24 92 1.32962358650e-01
91 16 7.03372891992e-01
26 39 9.65324657969e-01
15 9 9.80392424390e-02
36 56 6.55568038113e-01
8 32 5.32408439089e-01
90 102 7.94397281017e-01
26 46 1.13706873264e-01
6 31 6.21132167988e-01
86 92 8.96047655959e-01
61 114 1.25494838227e-01
15 79 3.05661937688e-01
24 105 6.59535646439e-01
37 105 7.12719487958e-01
57 66 9.85389897600e-01
56 76 2.83083957620e-02
82 41 1.59672826063e-01
89 68 5.70520895533e-01
28 3 8.58516690321e-01
71 74 6.29063695204e-01
89 117 1.97010057047e-01
36 32 3.49645914976e-01
112 71 5.17776129302e-01
75 97 8.85967758019e-01
30 33 4.96428756509e-01
109 9 6.79524906911e-01
18 72 9.30062866304e-01
114 99 9.60788142402e-01
43 65 3.30361434259e-01
