EdgeArray
637 650
238 801
718 721
888 902
480 719
93 730
141 159
750 14
32 195
782 790
775 931
867 100
72 932
647 649
929 945
667 695
283 290
238 242
128 292
594 617
315 326
551 637
84 112
463 676
237 241
396 454
628 865
337 339
894 97
936 943
633 636
182 819
936 193
451 124
624 640
734 754
747 608
253 503
610 618
689 883
13 723
134 156
653 777
898 916
655 685
627 630
21 538
907 910
780 794
54 81
253 349
262 277
952 953
924 931
78 83
40 55
277 308
288 308
494 512
719 728
77 586
77 96
28 36
744 843
879 907
148 169
143 297
6 954
309 322
354 62
5 36
156 775
142 157
327 438
541 681
86 117
108 211
379 445
51 235
262 313
238 254
254 375
244 917
545 546
576 600
8 133
611 634
595 599
927 941
551 120
441 612
333 363
532 715
804 824
367 398
111 122
419 894
455 479
526 539
181 201
107 91
430 439
694 317
204 663
408 152
627 200
822 853
809 939
127 245
813 718
395 604
9 322
12 112
101 110
813 283
13 241
676 952
137 300
801 830
219 346
837 216
269 298
765 771
159 206
527 534
809 849
289 290
680 682
598 622
672 677
422 479
156 185
412 437
681 716
950 141
248 250
200 203
897 920
424 433
379 381
730 900
951 1
800 57
153 287
366 367
754 763
816 752
240 453
788 891
407 429
771 921
516 524
522 526
958 767
569 66
32 257
815 845
444 468
306 504
701 928
353 434
27 56
374 377
673 799
269 450
149 353
55 308
154 205
82 302
819 833
430 807
946 131
462 138
746 748
374 325
556 800
502 525
371 372
448 626
76 786
587 46
599 572
69 79
881 911
693 707
267 499
24 31
880 908
591 683
778 791
363 509
775 789
588 794
928 950
706 938
433 84
14 35
140 150
133 139
867 877
180 326
418 393
12 311
917 102
556 442
852 856
368 383
302 411
736 749
708 737
804 814
240 402
364 390
55 67
217 244
912 387
80 63
9 234
218 245
385 230
493 691
279 165
197 446
16 47
475 675
326 141
706 731
655 674
782 801
121 145
429 489
907 108
438 454
927 936
172 200
409 110
130 132
95 246
389 409
727 758
90 118
602 17
606 628
795 818
102 121
344 374
571 362
668 681
624 651
752 890
407 422
179 309
151 160
874 600
580 712
241 465
297 314
101 130
882 913
257 58
460 473
913 939
658 202
673 864
270 219
135 155
514 518
323 396
757 12
398 216
815 840
19 176
74 258
209 413
772 498
315 55
510 525
496 732
800 829
484 509
211 217
581 452
540 689
187 414
63 72
234 261
359 377
622 719
580 668
686 711
841 862
763 764
183 205
595 176
648 673
355 816
213 766
432 462
196 378
871 893
553 573
899 239
119 940
397 396
290 291
777 944
715 724
774 494
412 413
415 481
633 664
102 150
806 92
328 818
926 229
306 458
321 953
542 557
351 376
463 702
405 605
852 64
90 117
264 313
908 937
550 581
777 724
598 604
679 908
913 917
147 271
49 64
258 266
597 599
40 46
82 579
644 895
364 253
271 285
523 578
559 734
720 427
688 717
804 40
867 896
232 249
680 686
436 439
856 35
390 410
874 880
534 537
722 859
646 656
605 607
931 941
551 723
760 770
926 931
673 678
743 749
573 316
257 449
941 953
392 400
723 794
811 925
579 588
60 85
162 278
325 356
136 798
485 744
563 566
767 859
821 826
169 178
103 883
570 571
491 688
623 650
262 387
876 289
394 653
921 949
62 75
99 106
34 40
366 14
516 536
116 927
3 27
903 86
462 467
177 207
178 388
50 470
181 184
524 530
675 704
363 373
691 715
11 720
630 644
444 382
688 949
843 863
176 230
420 436
401 417
925 813
548 569
501 509
214 243
459 481
67 101
946 950
883 92
387 916
638 698
495 629
485 509
858 884
898 928
466 479
658 673
581 612
19 20
713 27
799 848
674 803
107 137
58 923
317 730
110 40
787 797
277 290
458 677
96 153
937 811
286 298
546 573
98 551
869 899
867 548
599 604
591 620
65 85
124 631
840 847
101 106
939 140
560 649
481 198
330 359
181 183
195 220
227 241
674 705
711 774
409 552
464 467
392 395
297 319
220 227
529 539
477 496
473 714
933 28
221 424
162 357
848 193
61 225
54 884
462 493
309 318
48 106
504 665
779 787
201 232
917 680
439 458
643 864
54 203
720 732
284 298
424 562
919 950
293 784
604 621
957 78
334 389
690 712
231 234
367 393
293 298
660 673
271 59
903 913
771 777
833 856
457 484
455 547
268 131
882 886
769 772
796 811
61 795
480 553
516 434
773 803
52 446
215 216
697 728
915 79
304 313
229 257
177 12
45 63
210 241
732 956
168 23
23 212
513 537
422 442
445 471
731 678
83 322
700 719
709 779
328 335
764 37
924 931
215 190
172 416
793 849
572 14
141 318
357 524
481 804
429 655
16 37
428 447
796 820
385 413
344 389
31 60
50 54
267 284
543 683
641 733
711 714
311 636
208 650
92 112
698 867
318 322
878 904
578 681
853 65
478 503
176 303
73 93
578 581
521 540
164 258
696 213
562 564
168 191
511 524
812 835
162 350
380 408
330 352
814 181
567 660
261 420
646 385
250 279
691 210
123 133
652 923
15 79
415 341
339 483
947 956
460 594
303 324
921 924
28 123
557 830
553 581
800 812
831 125
750 169
491 514
615 841
927 953
537 560
43 65
279 281
713 385
813 825
613 628
309 325
511 547
719 868
360 362
907 419
145 162
633 895
621 723
695 866
911 930
843 865
90 270
227 801
667 684
535 680
772 797
860 868
680 698
873 894
602 605
748 758
850 388
622 628
850 860
819 853
249 350
888 151
418 443
349 421
406 262
612 639
134 164
89 561
2 21
958 162
325 347
162 387
834 857
728 730
735 52
909 216
823 835
506 524
859 41
374 540
298 308
833 839
946 1
321 333
915 929
325 346
284 534
72 75
709 712
821 845
954 90
521 535
457 486
477 485
369 484
172 447
740 751
587 600
500 196
437 457
252 25
109 206
84 351
527 554
935 948
477 494
884 14
137 158
550 556
363 368
487 502
773 783
576 588
948 953
641 670
256 163
137 281
779 799
373 385
301 327
468 500
184 233
102 125
65 81
548 174
506 268
830 858
239 243
47 152
24 53
110 264
238 258
944 74
532 563
905 426
675 683
526 291
177 536
22 201
465 489
549 554
414 656
41 264
467 440
480 717
476 786
209 792
419 446
1 37
97 122
87 714
666 694
650 676
114 123
580 587
252 283
887 357
759 19
254 273
12 250
55 72
496 765
221 234
838 123
825 803
764 939
164 169
921 945
605 624
635 640
862 865
185 208
341 361
619 644
652 116
388 396
245 398
839 864
17 923
955 6
411 444
770 818
769 790
359 507
838 865
230 250
72 632
716 739
789 38
19 45
438 442
582 700
929 951
7 171
21 398
34 51
765 788
59 84
876 881
756 786
541 403
599 244
48 741
679 708
786 796
768 796
220 224
85 95
178 64
491 25
135 306
602 606
585 590
437 568
594 814
264 290
276 513
366 587
834 436
795 820
459 461
348 561
244 912
572 581
934 684
731 748
869 89
443 464
42 56
261 269
780 261
461 463
694 701
511 624
354 374
920 922
358 703
575 772
520 551
838 891
318 897
673 827
28 43
395 467
146 738
381 475
211 753
725 727
877 889
860 869
612 500
320 431
840 849
319 437
900 914
482 423
752 769
138 147
612 638
388 402
352 581
71 74
808 816
612 811
391 948
826 828
926 941
555 567
184 206
56 85
203 218
129 267
583 602
49 236
729 947
171 185
848 851
669 909
431 736
564 479
411 412
665 674
549 683
822 39
76 87
552 10
470 508
259 260
346 400
242 489
489 543
440 444
536 556
857 925
277 342
633 847
885 49
73 91
357 387
99 482
592 831
423 301
372 385
340 475
896 908
380 769
439 665
893 912
828 855
548 728
51 55
790 93
5 507
65 85
30 61
36 872
95 154
771 776
649 654
875 930
791 818
739 749
796 827
836 850
132 145
233 250
853 289
819 912
106 133
269 279
742 764
538 425
100 101
208 232
380 395
706 727
146 656
849 933
531 561
658 683
131 141
29 488
147 203
671 695
842 856
316 438
505 506
847 856
866 653
591 825
469 539
758 40
315 328
283 479
229 260
354 411
874 888
759 787
183 30
727 735
583 143
68 920
560 905
821 834
403 422
154 909
86 92
506 803
421 446
143 335
928 109
100 131
126 150
27 46
923 187
123 135
524 529
432 25
762 786
124 142
642 826
377 598
647 665
402 611
166 192
395 447
911 920
43 73
120 148
355 390
378 417
894 411
761 781
526 550
808 848
597 768
206 230
881 888
459 483
35 55
233 239
438 636
20 43
957 8
626 634
98 125
290 308
163 181
118 130
420 445
200 854
57 58
494 495
557 560
42 806
791 799
684 745
482 486
817 641
154 161
923 952
379 391
79 244
56 57
665 693
711 201
29 40
748 750
160 211
314 327
200 253
564 214
734 3
73 75
5 7
623 389
606 843
51 126
752 761
502 118
173 194
407 452
186 195
191 204
659 704
234 249
104 864
451 509
754 776
471 373
22 99
20 61
767 698
213 226
130 798
731 733
815 80
846 25
511 822
932 788
715 605
723 780
445 449
465 937
52 247
959 2
605 628
864 874
588 594
530 558
896 303
347 366
949 9
537 546
523 387
735 25
930 172
892 701
600 540
313 318
161 219
519 538
258 920
830 856
708 721
881 912
874 902
870 880
872 628
806 836
112 340
372 375
226 228
134 154
392 399
951 9
373 121
458 506
144 229
452 696
451 468
80 99
765 53
71 192
852 934
105 230
570 583
6 17
100 129
835 839
201 225
429 728
205 220
60 90
185 201
89 308
609 618
462 465
760 787
654 676
710 891
520 523
379 408
365 366
565 677
847 848
672 159
250 276
230 247
631 392
515 720
443 447
383 421
841 728
483 608
39 59
382 133
132 140
897 904
14 242
104 115
348 564
685 875
316 546
70 76
700 92
286 300
596 177
234 261
891 922
667 279
925 944
657 681
706 532
959 45
558 763
572 36
603 634
496 512
916 936
641 692
718 743
830 25
534 732
165 167
620 623
7 13
187 247
720 111
142 168
569 418
115 141
230 895
941 210
70 93
866 878
343 368
690 720
815 828
26 46
751 358
679 709
702 881
574 649
908 915
114 116
196 212
252 332
391 606
455 472
177 204
897 880
155 362
523 543
117 144
882 902
891 289
525 543
759 786
634 867
503 528
99 102
143 230
31 46
248 264
106 109
922 305
938 137
432 477
131 137
173 416
608 853
413 422
940 11
480 485
185 217
757 955
898 915
685 501
80 101
435 180
832 902
113 264
428 717
186 127
791 474
185 465
441 621
449 461
638 669
859 17
96 859
778 45
200 597
916 946
22 42
562 703
877 897
143 20
669 681
214 842
399 424
198 218
680 709
159 177
810 491
807 808
10 588
255 381
222 251
486 507
449 474
895 910
513 708
239 255
437 665
692 795
656 661
654 745
6 20
218 959
762 777
273 465
877 94
339 588
735 891
391 643
121 125
500 628
844 853
335 302
944 107
179 241
589 609
792 24
141 557
180 204
809 628
463 583
281 495
566 791
235 263
14 102
642 787
515 539
49 61
43 733
514 490
66 299
63 79
730 743
257 461
770 799
416 484
402 489
464 478
25 387
912 938
487 9
344 359
506 918
667 858
955 228
669 683
403 534
601 626
75 105
557 822
210 446
603 611
530 540
9 176
341 466
398 418
719 741
835 119
559 564
70 623
251 263
377 396
664 673
317 514
687 787
593 608
312 473
844 862
587 108
76 681
453 476
555 564
553 571
3 13
659 772
369 384
467 472
589 616
880 897
512 620
313 315
171 178
125 711
927 577
279 284
106 282
77 78
284 474
497 519
867 446
779 786
155 196
761 641
310 187
630 590
415 880
150 152
383 402
501 524
527 558
757 765
57 66
686 709
746 774
165 191
868 887
189 207
912 923
671 925
592 607
948 2
288 401
55 65
131 146
650 655
168 193
554 548
866 868
565 576
649 857
790 717
679 706
768 771
914 385
138 795
846 851
94 249
854 878
421 433
883 691
357 383
340 364
433 458
271 294
407 421
843 858
115 154
507 240
914 938
789 82
512 46
352 412
221 249
557 682
198 213
766 776
367 373
278 294
372 387
857 78
256 274
822 833
14 277
649 786
140 165
301 307
360 581
145 82
102 225
313 319
955 13
456 607
869 87
353 436
878 903
286 308
775 822
161 414
609 653
639 157
699 704
608 659
327 340
33 59
726 756
153 704
224 457
42 219
932 950
392 393
632 829
29 522
922 212
619 641
172 202
393 255
858 868
951 13
842 873
548 912
884 706
85 608
371 467
57 87
515 543
216 228
18 29
785 810
484 624
777 784
554 590
807 286
170 265
549 550
468 896
501 514
148 231
939 0
657 856
382 399
435 869
570 823
261 282
32 143
21 566
798 44
323 519
331 338
661 669
886 910
109 129
205 232
521 552
703 720
677 819
738 753
751 779
841 846
877 886
312 323
854 917
201 231
250 264
11 152
470 636
173 345
702 669
381 604
330 333
114 135
119 366
210 74
954 238
191 212
471 475
919 466
459 486
727 743
239 259
138 144
662 669
583 679
466 475
360 879
746 605
485 447
330 354
544 548
565 590
283 834
581 607
535 554
432 454
665 180
390 421
456 279
917 922
718 741
372 385
812 820
694 700
72 94
621 919
469 482
161 582
212 832
894 926
769 783
389 722
656 674
353 535
885 96
533 542
750 763
708 731
949 958
142 165
517 852
864 881
241 255
193 211
513 539
613 714
120 138
156 285
884 783
367 206
815 44
643 745
51 479
568 587
730 891
519 767
108 207
831 845
952 97
577 600
245 349
488 447
545 737
474 552
832 852
200 355
222 398
88 232
922 931
147 164
710 713
723 799
848 944
637 885
471 641
349 51
651 362
203 107
654 662
179 302
932 81
795 797
596 848
111 112
550 581
35 3
868 184
201 317
178 203
314 608
391 392
82 742
58 81
696 795
788 273
632 643
716 798
400 406
829 40
6 818
550 740
389 935
45 853
271 289
259 273
652 13
147 900
552 713
862 863
677 509
342 459
817 414
531 604
950 92
25 35
827 43
782 792
844 871
579 605
509 518
83 112
594 624
343 449
956 21
351 369
743 753
219 517
176 197
707 725
913 940
724 594
450 697
897 911
413 440
91 119
547 202
237 391
320 386
8 12
0 246
117 623
630 659
617 637
99 740
647 179
323 340
306 456
198 203
772 48
416 437
507 696
661 283
97 110
496 524
64 81
203 210
467 477
486 221
657 661
671 692
346 583
699 707
84 541
388 125
647 675
905 930
602 612
87 95
383 815
936 804
736 761
707 363
188 247
741 806
736 761
368 387
694 710
803 42
55 58
447 455
222 128
670 699
62 243
840 844
150 221
574 626
162 189
568 577
768 791
446 476
670 804
300 324
27 36
851 177
920 934
342 64
586 254
111 342
341 355
739 745
827 831
64 99
814 838
225 233
269 284
339 7
959 11
536 400
66 439
86 133
691 708
786 22
150 171
285 302
547 770
12 42
276 306
755 768
695 723
699 710
361 492
741 756
794 802
809 819
110 138
8 38
811 957
369 372
0 260
332 715
625 628
811 824
770 805
475 496
816 224
301 360
893 922
161 262
344 467
925 64
397 958
206 210
749 642
243 399
210 894
684 803
9 334
442 530
74 283
213 362
374 531
803 878
370 387
242 495
748 943
489 636
404 423
350 393
794 801
313 458
885 934
332 957
529 548
950 953
723 959
380 435
783 805
314 364
207 221
357 591
830 616
829 18
827 618
495 523
215 233
111 120
396 680
820 927
917 783
648 797
833 941
886 904
744 839
43 71
726 739
219 238
895 912
637 802
704 249
282 284
186 423
826 828
352 372
451 482
611 817
776 784
310 431
929 951
271 50
229 232
140 167
69 91
307 337
466 189
214 360
959 19
551 560
43 80
608 633
231 243
768 783
326 590
703 716
739 756
797 828
726 727
784 806
927 933
945 126
464 470
441 472
597 610
816 364
178 206
160 165
504 521
678 746
287 310
573 599
361 380
872 147
515 531
676 615
682 701
52 257
24 92
668 797
889 890
355 564
717 927
232 329
670 700
387 416
224 337
151 182
905 910
92 121
692 722
398 414
888 121
756 781
72 267
608 512
631 696
723 117
401 840
354 370
267 288
345 433
538 757
832 848
497 517
332 31
875 896
204 221
33 704
159 175
0 7
845 192
79 623
316 27
582 3
733 748
586 808
504 508
115 448
393 547
351 358
38 154
483 726
258 279
794 802
469 646
365 616
851 875
371 392
868 882
845 23
956 19
909 924
500 518
835 838
902 926
154 157
394 413
845 856
540 543
182 208
649 771
317 933
64 949
298 478
258 259
185 27
404 217
136 147
150 357
541 558
266 369
175 356
440 649
302 323
256 338
643 748
458 154
875 137
429 730
195 598
735 845
322 535
3 25
141 213
478 627
901 911
753 381
331 351
599 772
91 256
37 105
409 423
4 5
714 743
924 501
25 48
26 279
412 348
822 849
310 341
601 603
174 194
212 219
381 395
79 100
41 64
794 815
788 852
157 82
117 120
252 272
179 239
697 951
229 246
757 776
471 483
400 284
227 248
94 4
580 630
524 584
187 199
79 88
687 882
103 296
434 309
687 695
688 700
299 321
842 860
10 29
17 29
236 298
544 663
44 46
502 277
485 664
840 851
388 443
117 889
842 507
272 273
666 895
717 826
626 640
566 577
502 529
35 629
589 174
371 17
62 93
133 166
151 155
386 463
223 243
310 379
318 530
643 644
614 703
797 807
523 533
839 387
701 725
870 892
454 464
19 895
503 529
855 875
585 658
160 163
939 953
119 392
620 707
471 475
280 406
100 109
503 532
659 672
604 618
171 478
493 501
453 88
855 884
890 892
672 708
932 956
324 335
778 797
180 460
650 721
492 596
785 811
489 956
234 257
59 80
490 679
685 712
305 531
319 348
547 572
402 432
729 22
700 857
753 754
684 691
105 126
851 684
247 277
345 346
863 365
130 150
450 469
8 32
793 824
69 676
60 70
639 736
589 609
225 241
627 787
819 834
402 417
501 503
949 389
671 686
546 574
720 743
273 291
97 117
127 131
420 439
80 541
417 482
399 419
865 56
206 228
937 947
75 122
421 434
89 108
127 741
413 432
806 813
476 497
539 798
139 368
666 765
293 294
640 666
834 878
114 63
254 283
29 208
849 866
191 221
396 600
168 216
362 372
504 737
781 794
535 551
424 439
544 59
267 446
486 523
539 577
458 482
260 271
167 187
7 102
226 235
479 483
650 677
34 40
533 606
738 755
639 746
511 473
358 535
578 796
940 213
798 79
277 490
575 582
40 69
492 590
103 127
61 80
287 291
502 621
563 73
509 124
617 723
214 234
312 316
69 207
874 905
449 457
218 336
864 881
804 819
276 288
362 365
396 403
745 749
169 189
918 938
194 207
743 746
895 924
244 260
193 218
606 624
812 840
338 352
46 96
361 414
413 601
423 552
664 689
232 263
158 188
573 597
521 631
682 194
884 947
474 552
606 637
727 753
118 124
1 4
736 944
787 778
700 94
772 837
774 782
739 190
100 128
123 197
597 818
336 516
618 625
323 352
226 248
619 637
169 187
342 352
273 292
520 563
292 378
455 145
136 143
668 131
41 617
155 536
97 110
217 274
144 157
404 414
175 200
499 562
616 87
307 331
618 631
108 244
582 691
929 25
959 803
864 189
745 762
799 45
387 41
484 583
260 214
235 288
121 316
317 724
303 313
397 594
113 284
887 894
692 713
862 889
170 278
905 927
14 39
631 652
702 733
322 324
849 863
290 316
486 918
101 118
47 191
709 943
520 533
659 886
887 181
856 888
930 954
714 723
437 531
425 430
5 150
372 379
503 513
325 476
427 443
164 191
94 778
652 665
103 305
563 685
777 940
940 3
413 426
126 133
52 80
567 592
303 330
753 524
528 556
930 947
343 368
530 769
204 217
701 654
626 641
20 88
193 429
503 633
68 92
212 232
840 841
952 7
107 113
374 539
353 478
475 464
311 362
687 292
708 725
557 577
689 719
446 464
790 884
937 83
210 227
9 29
337 396
419 439
206 301
394 421
476 485
16 80
952 125
433 452
410 412
18 19
944 12
244 245
606 688
860 15
228 239
724 889
592 587
118 147
790 40
760 778
115 120
1 828
368 387
375 628
292 297
331 386
180 188
378 400
138 151
809 830
435 461
107 20
468 493
704 732
421 441
145 162
88 804
230 235
370 674
365 298
501 111
435 441
56 76
778 694
30 36
683 694
348 513
2 20
68 264
896 377
120 150
183 203
420 540
749 439
253 20
285 872
909 922
801 820
523 540
88 124
255 14
73 526
92 112
266 475
125 339
731 825
829 853
668 678
425 92
453 457
96 241
440 469
895 947
755 364
13 33
895 761
50 65
484 513
346 347
953 582
578 750
477 480
939 949
656 681
328 3
417 420
351 216
491 788
49 253
612 94
75 239
236 260
207 209
536 777
578 904
36 162
532 887
674 929
825 855
13 120
549 581
190 205
784 891
579 603
240 265
31 40
190 195
164 191
412 420
18 36
795 816
404 426
25 49
241 313
32 44
30 33
304 89
45 97
657 844
732 733
411 437
350 353
696 698
470 565
498 521
660 783
878 883
754 763
793 41
883 954
418 422
104 107
905 929
430 457
148 150
678 706
266 811
738 842
445 463
211 290
665 296
534 662
870 121
350 210
859 906
470 486
634 662
340 349
537 542
509 771
474 642
81 543
585 614
567 592
401 410
790 897
170 176
728 951
305 308
683 886
791 18
135 165
131 149
500 501
277 288
560 667
358 366
138 336
359 525
945 11
882 888
713 714
91 837
54 63
282 309
199 867
852 137
350 371
785 521
356 172
904 151
940 77
762 775
714 446
246 64
474 485
750 767
721 596
434 82
639 648
363 506
448 459
268 142
733 593
535 566
265 278
836 854
245 273
172 188
871 888
3 188
36 64
128 278
693 758
235 441
893 934
928 935
430 456
419 450
857 866
958 168
62 86
841 896
746 132
947 89
292 749
950 165
11 87
370 391
950 956
818 438
695 408
541 927
868 876
228 257
714 745
31 61
913 938
936 577
807 818
247 277
525 534
669 687
743 759
346 352
175 286
384 565
95 106
920 668
91 98
336 538
488 517
516 539
450 471
653 692
297 323
773 797
322 326
530 713
542 872
707 736
190 872
462 472
260 263
29 34
220 399
897 903
136 145
338 368
933 946
736 752
885 907
221 347
129 186
207 233
205 207
634 658
328 330
774 787
241 85
732 696
533 542
135 160
800 817
575 643
958 1
295 465
128 945
262 286
916 944
573 584
203 209
225 731
69 753
1 827
466 682
536 547
252 590
798 563
926 167
935 958
542 548
212 218
872 26
632 805
20 147
853 791
538 545
295 307
954 147
818 889
865 896
153 176
831 40
385 386
798 54
499 667
902 12
660 684
26 31
772 863
75 97
151 435
20 29
219 248
253 260
2 12
37 119
634 831
771 800
209 232
861 865
873 943
245 259
264 625
865 613
420 436
713 728
947 4
814 820
483 485
928 362
531 278
559 560
568 82
899 924
922 929
459 602
112 130
710 738
737 740
99 110
400 416
711 699
423 362
473 493
137 153
549 219
739 842
130 194
415 456
797 854
53 66
449 473
833 413
832 949
949 776
104 239
128 342
160 179
328 329
704 725
248 255
922 429
834 865
613 701
268 271
408 422
333 765
873 903
385 533
762 445
304 881
491 512
620 803
112 945
555 444
475 476
406 422
464 475
654 209
624 671
337 538
278 525
890 914
767 793
341 372
906 484
157 185
926 937
834 837
291 314
1 5
249 278
689 717
640 844
627 711
281 287
752 762
935 18
782 57
132 155
367 387
10 910
68 95
294 306
849 76
644 866
663 774
289 387
792 44
944 117
590 774
472 670
662 674
16 26
390 420
223 228
579 799
71 206
116 275
733 937
671 718
86 90
481 503
796 802
417 426
741 745
135 151
269 210
38 51
167 181
70 124
901 4
707 733
767 795
705 721
906 914
359 371
886 679
639 793
259 285
47 756
485 625
412 414
146 151
143 501
16 36
548 551
365 439
529 545
83 107
662 25
928 953
212 757
215 909
106 128
294 324
946 12
943 744
39 70
583 535
298 307
946 1
756 770
521 525
787 122
196 222
378 382
533 561
865 878
345 410
554 562
57 300
801 67
479 729
233 381
291 359
242 669
218 323
515 528
862 898
860 904
803 902
740 753
847 866
599 739
192 240
126 323
400 246
144 164
289 297
584 292
236 259
311 565
924 927
807 810
698 390
290 282
250 765
530 519
217 245
362 385
444 857
441 464
314 329
184 387
89 117
768 838
192 255
184 352
470 548
866 868
956 10
596 622
512 529
308 468
474 501
266 748
615 832
450 295
563 192
237 765
735 682
861 878
360 371
861 1
418 436
725 728
427 441
910 920
4 13
198 134
390 571
828 831
737 757
824 42
898 180
129 726
349 224
766 446
755 760
701 729
286 294
744 817
806 117
230 256
931 99
189 207
695 697
825 854
845 888
525 315
894 908
585 602
327 115
226 254
753 763
387 592
935 627
593 605
691 664
133 145
698 755
303 32
740 750
19 49
742 756
948 199
658 829
358 362
435 486
782 73
102 118
48 71
241 272
673 682
333 469
724 885
786 875
67 629
848 856
94 111
789 806
447 461
826 837
631 655
539 555
908 571
463 633
542 548
5 160
299 324
909 7
934 949
494 717
493 495
355 390
489 641
719 725
683 807
801 50
682 685
441 470
101 254
126 735
422 547
676 878
899 183
915 939
415 539
814 825
866 878
174 188
190 669
488 505
373 381
131 3
624 302
681 616
694 704
157 159
192 320
280 287
584 665
887 906
140 49
566 594
789 889
675 958
306 329
438 457
23 30
79 95
333 423
914 51
856 792
152 218
389 877
884 904
495 499
397 398
609 906
290 245
622 784
836 854
906 68
628 810
783 802
791 806
461 479
228 248
380 398
737 11
394 420
938 28
859 881
173 367
39 61
664 927
756 775
853 446
912 956
428 432
458 459
775 797
376 379
682 903
339 221
889 903
129 89
81 216
302 371
439 531
551 573
661 684
119 278
203 234
784 880
522 734
861 390
426 290
382 459
679 705
335 526
635 655
684 825
308 752
133 138
460 698
689 695
488 509
861 140
721 751
74 103
221 240
788 808
167 171
630 632
618 742
431 656
572 584
878 897
646 895
15 489
528 540
816 892
769 850
478 494
559 598
457 569
259 275
629 174
109 120
773 652
405 410
875 150
823 913
433 589
931 935
165 191
37 39
527 351
802 803
434 472
493 496
646 666
593 623
124 299
416 454
854 889
343 349
780 933
284 386
718 799
376 68
484 692
98 123
183 196
118 125
18 166
680 691
537 360
661 836
700 703
514 515
632 74
856 885
439 809
261 274
562 586
89 91
564 575
356 381
783 788
38 62
120 138
279 365
25 62
421 632
642 417
513 724
410 432
829 622
903 79
767 789
56 81
715 856
460 478
658 669
911 513
297 325
577 638
329 622
901 46
812 28
828 329
192 94
546 555
667 695
948 16
134 745
281 619
668 711
923 942
734 805
291 539
175 31
763 784
601 185
399 406
152 180
40 9
705 707
623 751
505 757
625 646
139 156
533 105
808 830
166 181
940 108
306 334
163 498
857 858
311 335
696 699
625 650
764 767
721 732
87 88
442 555
892 419
163 191
924 953
289 398
586 595
792 425
468 594
779 804
774 319
293 270
855 75
773 833
232 306
832 848
147 171
847 852
274 280
369 781
71 869
12 908
645 213
660 669
245 264
749 759
483 212
478 728
247 424
364 556
937 952
61 234
197 368
399 605
155 179
758 399
286 326
90 822
641 646
24 225
174 202
464 484
473 645
634 646
508 619
625 631
117 141
540 840
582 593
360 454
531 3
276 306
39 274
316 443
274 371
784 804
568 592
299 301
854 922
83 94
264 277
644 658
314 337
845 856
479 530
346 866
792 803
378 919
275 526
505 522
202 217
685 871
442 446
560 737
698 477
805 812
850 861
610 618
308 327
261 837
93 117
690 694
251 278
296 862
84 157
178 206
58 298
348 296
414 422
196 782
257 774
692 255
188 339
584 807
202 226
741 750
329 583
931 937
855 901
279 331
532 555
489 520
110 112
334 404
684 858
289 685
705 734
130 144
0 17
943 374
740 767
265 87
182 187
75 99
941 11
896 161
813 843
454 463
525 528
825 838
244 273
698 703
409 423
110 116
662 682
317 609
184 204
335 87
338 532
500 567
142 328
715 720
321 349
87 108
233 655
827 856
846 4
918 184
771 390
400 413
48 350
643 756
953 255
781 801
560 766
282 287
717 747
747 750
283 285
934 667
881 893
281 282
674 519
808 832
929 949
189 424
291 320
222 228
745 837
68 90
402 426
510 690
742 759
725 528
490 499
366 634
611 724
724 749
320 349
340 76
406 419
224 235
579 535
340 518
651 670
600 614
307 328
352 530
208 839
403 907
748 764
436 464
902 911
313 948
507 522
652 230
958 45
886 889
92 181
305 321
863 81
620 708
595 117
60 83
42 72
204 20
392 464
628 326
497 3
763 17
64 388
251 262
635 636
123 135
497 506
44 452
632 662
376 385
452 476
583 612
125 332
558 812
237 268
394 404
732 738
473 486
249 366
577 591
375 404
249 270
787 813
602 609
263 405
223 844
900 902
41 533
553 563
852 862
594 790
564 590
153 270
601 142
642 823
40 646
326 314
631 638
206 211
2 17
364 370
575 686
824 855
933 947
427 450
132 314
176 184
618 625
228 391
618 744
543 552
716 872
370 372
108 118
347 354
919 210
377 510
677 722
80 98
547 567
404 405
112 264
808 835
465 470
362 393
862 873
846 332
357 377
722 954
607 617
941 944
461 706
224 254
821 834
164 282
487 488
425 454
876 884
266 283
761 790
476 489
907 831
541 105
879 6
528 674
805 547
285 299
754 767
810 826
904 184
844 867
672 682
508 537
479 494
47 53
890 897
336 714
536 566
956 13
439 467
666 904
15 541
288 518
483 486
493 501
144 368
507 394
96 379
331 333
689 694
951 168
448 847
170 618
581 592
825 833
615 631
486 511
41 425
623 664
510 448
522 622
939 99
349 374
611 518
758 765
368 398
148 385
246 251
613 636
411 432
882 57
122 271
440 457
678 690
820 879
811 818
931 357
386 392
520 549
426 449
438 447
431 491
738 527
445 451
596 765
908 76
300 330
663 777
712 722
508 528
167 379
794 800
492 592
510 347
592 607
789 792
859 885
401 463
880 893
678 698
695 863
543 553
24 53
231 251
645 452
688 940
687 754
899 856
257 275
479 683
844 871
795 821
858 883
73 224
803 823
605 608
482 489
879 156
163 417
383 401
114 99
144 745
910 167
677 704
312 313
467 491
662 683
204 95
883 476
4 132
849 867
720 786
136 162
519 649
776 804
615 638
422 869
433 452
214 632
356 385
445 131
71 715
676 687
708 726
356 412
737 756
512 620
294 499
900 913
373 430
655 878
46 185
330 574
26 61
425 432
398 401
78 147
734 504
382 467
753 765
362 380
294 312
274 427
759 767
461 522
690 693
446 457
175 190
531 554
247 249
664 684
904 378
93 112
642 827
28 96
614 643
674 681
246 307
593 117
938 951
364 501
186 193
118 132
847 875
156 266
764 197
186 203
280 303
686 795
121 208
556 461
571 660
598 629
522 740
712 726
202 219
590 164
824 840
873 895
635 651
614 618
448 255
310 895
213 225
571 584
903 121
546 568
846 854
251 276
149 161
199 221
758 764
617 704
378 392
260 286
646 649
509 534
786 365
670 680
792 809
265 266
748 191
876 920
298 650
173 180
512 650
327 335
641 704
478 488
569 598
755 757
39 216
220 61
651 661
145 175
917 940
63 65
223 473
930 939
814 842
429 33
942 749
934 949
584 606
295 505
906 64
685 712
296 453
552 555
827 102
82 761
334 517
518 880
389 406
366 386
918 70
945 175
248 121
116 863
890 910
526 754
294 145
567 881
426 365
140 221
381 825
871 881
607 610
746 766
627 629
519 542
442 448
122 144
745 760
820 872
21 46
660 685
397 466
38 68
334 364
529 778
61 68
281 297
894 902
375 527
858 286
452 472
373 404
229 418
93 345
246 439
918 942
539 561
307 325
607 617
948 13
888 917
592 611
401 419
436 459
911 906
393 826
800 844
434 369
624 652
103 218
152 334
925 951
418 419
804 131
254 462
556 567
386 405
620 639
860 66
953 16
923 36
451 457
414 442
379 614
38 212
604 622
656 910
636 656
837 867
82 90
526 708
934 948
398 779
779 808
442 446
272 179
534 547
938 5
308 291
381 170
336 558
322 386
166 809
338 413
659 670
910 929
22 25
406 424
403 427
582 592
285 499
46 50
577 53
217 414
254 256
436 125
327 526
90 433
165 343
22 52
198 933
757 761
776 512
255 410
109 294
253 498
146 181
751 762
67 79
499 936
831 55
591 846
600 612
65 133
74 204
416 425
291 322
839 100
518 537
577 603
472 685
260 276
263 294
675 275
856 877
197 804
151 328
487 556
912 928
88 109
465 582
3 28
482 510
50 282
517 544
826 754
134 160
174 195
60 82
81 86
170 324
656 138
563 570
629 532
490 957
712 463
304 670
305 328
385 391
653 682
275 295
355 356
561 813
781 795
902 924
460 601
318 319
122 253
783 813
879 891
813 824
778 17
621 710
120 86
182 914
793 814
263 345
187 413
156 163
645 850
267 285
770 774
208 227
321 330
324 344
514 50
188 234
788 817
116 147
410 526
49 78
628 123
666 768
226 315
216 557
315 318
98 110
770 812
27 47
121 123
593 683
250 361
529 539
537 588
270 296
335 142
407 623
871 4
565 585
384 555
388 414
475 160
817 825
338 355
231 446
309 239
145 263
169 382
104 552
452 473
838 864
742 771
219 230
197 386
70 88
47 220
496 517
8 166
275 277
910 116
514 517
498 565
34 30
672 695
293 322
731 904
681 699
283 296
871 951
231 240
831 103
410 433
238 260
893 897
182 279
361 377
546 650
942 957
45 49
640 658
447 475
347 352
297 313
336 360
122 126
405 432
153 327
490 504
384 42
645 674
776 683
863 870
323 352
877 166
811 829
233 249
428 460
769 62
651 861
653 866
209 366
921 41
305 324
133 266
235 244
595 804
85 23
50 666
32 146
77 91
275 603
272 281
775 802
237 819
411 422
619 621
875 891
957 9
95 243
638 643
730 877
228 252
332 350
776 794
614 631
535 542
542 783
761 607
648 743
842 379
649 794
419 436
288 307
332 880
830 841
63 89
354 422
945 13
36 225
756 767
510 519
188 308
329 575
644 651
638 662
148 253
858 864
54 215
399 410
586 604
614 839
195 220
727 269
168 204
113 142
325 342
67 908
424 558
865 27
149 837
801 832
274 298
321 527
171 183
318 69
774 790
265 290
828 574
785 56
15 22
481 714
913 136
835 849
169 192
699 706
195 200
255 264
587 804
848 33
957 0
320 387
356 365
285 612
763 781
621 644
158 249
188 192
181 309
425 484
697 723
262 292
508 509
302 479
190 223
718 747
683 844
159 174
651 593
307 391
628 810
383 467
629 644
777 801
405 911
192 224
59 84
193 230
598 609
342 357
914 55
457 479
888 918
358 589
600 613
81 140
375 912
98 110
891 904
942 30
316 504
547 682
545 562
78 310
199 227
194 214
601 616
891 912
390 591
766 6
797 798
910 27
492 512
88 104
92 80
566 575
487 517
954 202
33 39
255 287
222 225
818 493
11 42
555 570
878 895
603 822
909 155
504 511
610 616
109 119
78 118
345 457
851 63
554 585
368 392
95 311
864 875
760 768
726 728
553 780
655 833
576 581
472 487
648 811
901 528
53 62
920 949
843 852
220 239
747 860
202 313
326 547
595 787
409 427
626 630
207 231
911 813
300 303
452 457
216 426
608 690
870 874
343 349
729 847
160 180
432 436
892 901
476 51
67 114
623 810
494 567
242 101
406 429
892 654
740 448
704 714
157 187
288 503
377 403
873 6
454 919
296 312
320 357
947 123
957 13
347 363
391 623
376 797
854 876
691 708
211 230
702 852
609 620
448 456
236 247
880 911
296 322
97 138
21 448
904 959
302 411
886 893
721 731
268 279
341 660
870 888
337 345
276 767
755 776
686 690
44 64
669 900
183 173
246 514
207 219
522 599
189 191
23 27
13 73
365 123
376 695
716 733
719 732
197 199
427 479
472 476
324 348
704 656
142 167
326 342
561 565
711 781
258 274
575 577
585 613
287 402
762 189
453 793
722 5
936 948
725 131
850 913
125 36
23 35
805 813
375 401
393 550
94 93
345 374
301 317
416 543
26 423
930 210
683 927
955 250
661 705
295 326
898 57
7 26
717 646
468 497
587 591
853 6
657 684
431 455
728 797
209 233
918 439
675 754
741 910
616 311
710 719
751 31
243 364
30 627
588 620
923 673
586 599
941 5
589 217
766 785
232 104
558 564
545 546
125 144
127 134
518 522
499 575
810 820
900 903
217 593
112 191
322 448
555 763
787 833
284 285
10 16
256 287
33 49
942 131
745 775
539 545
447 617
251 276
0 192
802 936
554 782
59 74
837 27
434 177
113 137
705 715
528 927
128 300
616 694
697 711
85 273
259 261
749 656
66 109
11 38
139 164
449 475
728 762
422 441
636 791
780 781
933 949
567 765
729 270
87 93
7 36
227 547
303 390
30 132
447 413
572 600
264 276
561 571
943 947
386 402
191 208
916 932
728 732
715 733
594 794
712 721
906 396
282 654
534 561
892 917
568 780
423 453
925 952
570 764
613 642
132 134
352 456
319 586
637 188
299 521
559 685
270 275
2 75
558 565
194 217
96 106
622 731
908 128
202 212
640 777
655 657
561 793
562 176
517 568
730 767
57 757
312 320
822 45
111 752
836 867
77 96
734 739
571 760
52 284
361 523
826 919
869 900
621 761
712 745
686 716
263 311
920 118
436 443
382 598
498 506
759 768
53 54
163 192
308 332
754 48
240 323
919 845
883 887
437 459
270 286
838 780
273 274
304 333
605 623
722 733
636 593
663 672
932 8
901 130
819 842
611 769
591 597
799 732
508 525
287 294
498 645
152 181
488 496
287 369
743 935
516 529
235 650
395 424
403 417
463 509
645 650
431 449
454 385
152 307
733 727
569 588
414 444
821 919
218 433
732 741
644 863
166 498
64 85
937 949
681 889
371 383
113 183
351 377
393 412
349 359
893 899
833 126
161 264
301 411
540 950
139 744
750 687
270 400
729 829
747 776
722 876
576 578
384 406
556 582
562 566
518 524
273 284
154 897
339 355
953 15
205 206
580 599
693 942
492 890
823 848
603 795
885 948
697 893
296 278
765 788
342 369
952 45
569 633
465 493
786 914
370 383
938 955
141 213
408 486
552 566
817 935
473 493
665 686
640 650
37 378
574 580
517 286
810 824
278 295
693 835
243 274
690 938
300 155
65 772
749 757
781 792
887 910
311 324
915 927
466 481
630 631
149 163
4 19
278 922
123 125
823 842
408 438
823 887
538 751
524 655
625 637
879 334
570 78
519 539
58 72
377 402
497 506
550 724
761 788
456 470
256 426
758 780
796 801
876 880
56 58
189 199
869 892
46 635
710 750
857 865
505 626
696 817
872 940
902 64
506 511
334 277
664 693
495 511
456 465
196 301
863 873
703 717
319 52
803 806
737 766
369 387
137 226
408 223
509 530
430 138
467 454
818 817
482 536
426 442
292 314
810 815
890 914
816 845
53 60
225 244
324 343
181 209
363 433
518 526
272 835
571 227
446 513
619 777
706 953
396 471
802 654
227 281
223 419
850 707
681 773
86 108
282 302
574 582
707 893
610 705
903 904
607 636
609 611
481 506
337 17
714 145
193 212
953 838
839 521
469 629
45 150
513 743
74 92
249 212
812 813
517 199
335 413
333 318
194 267
469 501
543 568
721 109
584 614
17 27
105 657
240 788
66 70
116 461
239 392
863 870
617 737
566 580
278 627
84 300
784 413
498 520
954 417
701 925
751 763
682 707
896 917
83 105
872 942
444 576
713 872
242 162
410 563
565 536
752 10
765 921
63 93
243 466
414 623
359 503
4 26
837 864
122 133
955 12
298 576
127 156
386 405
216 241
27 291
552 563
331 853
454 474
166 281
524 536
525 2
309 315
158 164
590 612
638 746
53 69
199 309
726 404
187 348
51 56
581 401
574 594
159 160
836 863
427 944
916 918
915 943
35 277
456 475
573 603
42 597
724 311
692 698
348 824
119 834
717 43
495 550
329 679
180 208
943 14
201 845
423 450
725 850
272 377
835 840
194 208
943 2
155 333
171 188
799 812
17 48
799 879
636 815
600 609
636 651
149 668
76 79
124 153
428 455
705 715
167 881
213 401
543 549
781 825
868 739
654 710
440 614
617 734
528 27
58 70
28 46
889 85
532 737
921 936
663 944
158 198
598 606
763 773
880 903
329 338
280 289
824 569
66 302
576 603
919 745
653 828
350 475
417 514
824 852
344 358
248 477
46 277
174 299
855 952
604 313
688 318
395 634
709 729
35 38
760 798
807 930
818 851
10 120
195 562
904 87
935 947
738 418
914 938
179 353
105 223
733 761
165 167
947 18
507 518
802 2
785 812
234 280
450 472
472 541
802 230
268 451
446 470
945 38
17 129
703 947
191 202
18 312
315 326
949 958
453 498
78 83
766 791
417 435
353 364
81 99
347 354
693 347
545 768
678 136
236 266
15 93
744 745
239 299
610 618
944 7
444 470
538 550
44 632
387 399
540 563
158 492
426 671
677 702
225 240
783 800
900 917
247 253
224 382
295 326
817 380
215 907
561 808
626 633
590 273
820 826
841 903
34 18
603 707
31 94
490 813
956 17
150 327
797 827
292 129
23 158
499 538
564 780
443 471
44 197
157 385
744 210
124 228
829 832
597 644
805 821
899 592
91 113
676 95
828 919
635 651
443 468
780 713
607 741
208 304
805 297
477 495
177 279
629 652
616 618
716 22
881 903
907 932
107 378
588 589
62 696
889 106
590 594
85 116
604 691
544 553
243 268
798 819
622 624
461 835
176 200
764 789
820 845
494 927
146 164
670 694
443 454
647 668
265 928
951 204
280 298
319 383
275 295
806 832
33 41
115 138
663 681
199 205
455 469
93 336
424 439
699 526
837 110
702 720
384 407
596 606
709 933
588 596
851 870
558 568
615 712
480 510
637 719
274 230
648 613
405 408
891 908
457 114
843 897
544 562
129 143
139 323
889 894
59 75
6 871
48 201
650 671
703 724
942 11
105 127
36 56
263 316
126 294
933 75
108 137
616 632
76 89
211 222
839 926
299 535
216 385
505 533
37 59
106 114
527 631
633 638
747 93
300 321
742 281
205 217
324 325
793 11
629 660
