EdgeArray
22 42
238 81
140 221
13 73
211 50
93 10
141 159
226 14
32 195
239 152
159 177
205 206
72 212
0 7
233 9
158 12
218 83
238 2
128 52
144 25
117 120
165 191
84 112
115 208
237 1
38 212
110 112
170 25
194 27
184 204
70 124
182 99
108 137
117 169
79 100
22 25
127 156
143 20
40 9
56 58
13 3
134 156
202 217
190 189
175 116
235 170
21 58
159 160
176 184
54 81
213 122
33 49
150 221
8 12
78 83
40 55
9 176
21 86
182 187
63 93
77 106
77 96
28 36
81 86
97 117
148 169
143 57
6 234
111 32
140 167
5 36
156 55
142 157
193 211
16 36
86 117
108 211
141 213
51 235
57 87
238 14
114 135
122 144
3 25
192 80
8 133
139 156
26 183
174 195
230 235
47 191
52 80
184 112
212 112
31 61
111 122
149 117
187 173
157 159
181 201
107 91
123 197
36 225
204 183
67 79
98 110
79 88
98 123
127 5
167 187
207 233
9 82
12 112
101 110
38 68
13 1
96 139
137 60
230 16
219 106
139 164
108 118
14 102
159 206
112 225
144 157
205 232
122 31
83 112
225 11
216 186
156 185
175 200
99 110
37 39
10 108
200 203
161 174
48 110
235 48
153 224
91 113
136 143
153 47
237 28
98 110
189 191
47 53
146 164
218 193
171 238
209 232
53 66
106 114
42 117
32 17
207 219
164 191
140 165
15 61
17 27
27 56
126 15
71 206
79 143
149 113
55 68
154 205
82 62
194 217
4 132
5 150
183 203
173 180
50 42
217 174
64 99
110 138
220 159
76 66
203 234
139 24
69 79
150 117
43 80
67 114
24 31
189 199
55 58
54 215
132 134
92 181
189 207
86 133
179 62
41 137
14 35
140 150
133 139
155 56
180 86
1 108
12 71
193 218
86 90
163 192
147 180
93 96
165 103
196 222
105 126
200 117
92 121
55 67
217 4
95 71
80 63
9 234
218 5
216 145
78 83
175 31
197 206
16 47
32 44
39 216
20 88
118 124
15 22
121 145
100 128
58 70
43 71
191 202
172 200
133 145
130 132
95 6
44 46
152 94
90 118
42 72
211 222
92 80
102 121
9 94
69 91
224 14
29 42
116 143
186 183
179 69
151 160
171 183
237 45
58 72
7 36
101 130
11 87
70 143
123 125
18 166
231 3
66 199
94 9
135 155
26 31
63 79
191 212
189 184
171 188
19 176
74 18
209 173
151 155
145 175
212 218
61 80
47 220
51 239
211 217
11 38
184 147
187 174
63 72
234 21
160 165
23 27
13 120
231 11
10 16
21 208
183 205
69 196
224 235
149 163
213 46
173 105
196 138
37 138
66 59
103 65
119 220
175 190
129 6
239 15
30 147
34 30
87 108
180 188
3 13
102 150
117 141
131 149
169 142
108 207
180 204
59 75
103 218
155 93
60 70
27 47
90 117
107 20
4 26
197 199
155 196
206 210
57 60
76 79
147 31
49 64
133 26
121 208
40 46
82 99
157 187
77 91
185 27
128 102
45 150
152 180
73 224
118 147
227 8
232 9
83 105
170 84
198 213
18 19
204 20
189 207
87 95
59 80
56 81
221 0
165 191
8 166
142 88
178 206
3 28
170 138
38 154
222 11
133 138
122 133
39 61
16 80
60 85
162 38
64 81
136 78
37 119
148 150
68 95
198 218
169 178
103 163
138 96
172 188
156 26
17 129
199 227
227 67
174 59
62 75
99 106
34 40
76 89
49 13
116 207
3 27
94 4
120 150
177 207
178 148
50 230
181 184
160 179
75 99
11 42
204 95
11 0
178 203
94 58
207 231
198 203
176 230
47 36
234 17
128 225
172 202
117 143
214 3
145 162
67 101
68 92
82 90
103 56
110 116
11 152
137 153
141 77
226 8
96 1
223 124
51 56
19 20
236 26
149 188
32 143
107 137
58 203
35 37
110 40
106 42
158 9
38 62
96 153
116 35
148 231
12 188
98 71
100 109
84 157
161 102
167 171
65 85
124 151
193 212
101 106
124 59
8 38
162 189
75 122
181 183
195 220
227 1
144 128
104 107
153 87
92 112
133 166
132 74
220 227
161 24
43 13
29 208
225 0
221 184
162 117
94 93
61 225
54 164
216 77
46 50
48 106
129 186
168 204
201 232
132 155
14 39
196 61
54 203
52 17
62 216
85 128
66 62
126 54
69 207
37 59
67 149
50 65
231 234
204 221
119 126
40 166
187 108
215 233
62 3
44 197
224 142
33 41
131 146
159 175
209 126
199 147
61 75
113 183
218 239
63 89
52 206
215 216
78 147
130 144
156 45
229 17
177 12
45 63
210 1
88 232
168 23
23 212
69 33
1 4
52 44
198 213
83 82
93 112
228 12
171 178
192 15
165 167
215 190
172 176
194 214
53 62
141 78
156 163
135 151
166 41
16 37
84 61
222 225
224 97
44 212
31 60
50 54
78 118
106 128
202 212
233 175
42 219
208 170
92 112
87 93
192 94
212 37
23 30
138 75
158 164
176 63
73 93
79 95
7 102
164 18
26 61
127 21
168 191
228 8
97 138
162 110
91 16
222 128
15 9
36 56
125 231
90 102
229 178
131 3
123 133
61 234
15 79
24 225
37 105
57 66
56 76
82 41
232 104
28 123
166 18
89 117
220 61
112 191
75 97
223 228
109 129
18 72
114 99
43 65
134 25
63 65
80 61
145 82
53 60
20 147
227 41
239 19
120 86
145 162
188 7
33 59
66 109
97 110
23 158
90 30
227 81
74 103
167 161
95 3
19 49
0 6
115 154
34 18
72 27
209 233
174 202
46 96
206 61
103 127
214 122
109 119
111 120
228 239
0 17
134 164
89 81
2 21
197 128
214 120
162 147
59 74
192 224
119 38
45 49
232 23
121 125
158 188
182 208
179 113
186 193
39 34
223 179
224 217
97 110
219 8
72 75
136 147
125 36
6 151
101 14
237 151
24 53
157 185
172 207
201 231
151 195
91 98
121 76
50 186
109 206
84 111
45 97
1 5
153 30
60 83
137 158
144 164
151 182
202 226
107 113
219 238
115 138
75 105
36 64
137 41
195 220
87 88
33 39
169 192
184 233
102 125
65 81
23 35
120 138
109 54
239 3
47 152
24 53
110 24
238 18
221 107
236 58
44 152
198 134
128 38
177 56
22 201
164 42
126 83
39 70
41 24
105 177
220 239
46 185
209 72
40 69
1 37
97 122
87 234
138 144
150 87
114 123
137 226
73 46
194 207
219 230
188 99
12 10
55 72
218 96
221 234
48 71
77 78
24 92
164 169
64 229
214 152
225 4
223 3
185 208
212 232
182 194
217 34
17 29
136 162
30 132
17 203
105 127
158 198
32 146
235 4
95 106
129 143
230 10
72 152
239 59
22 52
19 45
113 44
207 221
34 40
7 171
21 158
34 51
122 126
59 84
86 108
157 82
146 151
183 196
48 21
105 223
212 219
201 77
220 224
85 95
178 64
195 118
135 66
89 91
143 21
25 35
109 120
114 63
200 115
236 20
139 83
88 104
88 84
217 113
41 53
167 139
215 187
134 160
222 228
29 34
42 56
154 177
67 188
203 209
231 206
196 62
81 99
46 37
88 124
74 43
38 51
195 82
152 218
233 141
28 43
19 175
146 18
7 26
211 33
160 163
163 177
26 39
140 49
176 197
150 152
210 174
188 234
71 149
6 98
138 147
49 78
10 29
91 117
71 74
142 165
166 181
35 149
46 155
116 221
153 176
184 206
56 85
203 218
129 27
173 127
49 236
27 36
171 185
57 37
75 239
161 22
68 24
232 89
93 117
192 0
211 230
76 87
2 12
207 209
76 201
142 167
190 152
213 161
107 138
41 185
104 239
102 225
44 64
135 165
73 91
60 82
99 2
154 157
169 189
166 89
0 20
66 70
206 228
53 69
74 92
81 216
81 63
51 55
234 40
5 27
65 85
30 61
36 152
95 154
139 128
208 119
4 19
81 140
74 204
187 199
85 33
132 145
233 10
121 123
58 81
106 133
118 125
88 109
167 181
100 101
208 232
4 5
213 225
146 176
77 96
20 29
190 223
131 141
29 8
147 203
85 23
83 94
217 5
205 207
2 75
221 9
159 174
6 20
10 190
45 133
90 193
229 20
229 232
146 181
70 88
183 30
228 151
169 187
68 200
127 134
160 180
4 13
154 189
86 92
135 160
214 234
143 95
201 125
100 131
126 150
27 46
129 89
123 135
18 29
30 36
231 0
124 142
123 135
112 24
219 37
206 211
166 192
94 111
124 153
43 73
120 148
164 191
64 85
232 66
127 131
25 147
180 208
68 90
206 230
115 120
236 19
35 55
233 239
216 1
20 43
155 179
125 99
98 125
150 171
163 181
118 130
1 107
200 134
57 58
181 69
203 210
42 86
152 67
168 193
65 52
157 145
154 161
10 120
16 26
79 4
56 57
80 98
199 69
29 40
122 13
160 211
125 144
200 13
190 195
138 151
73 75
5 7
195 200
149 161
51 126
116 147
199 221
173 194
17 48
186 195
191 204
53 54
234 9
104 144
193 230
236 7
36 162
22 99
20 61
2 20
213 226
130 78
113 142
223 233
96 106
59 84
8 32
64 148
93 105
126 133
35 3
52 7
205 217
27 51
96 139
147 164
31 94
18 36
3 188
208 227
235 201
125 92
102 118
15 93
91 119
2 17
82 22
161 219
112 130
176 200
170 176
225 1
190 205
111 112
141 213
175 46
25 49
112 100
119 114
226 228
134 154
62 93
174 194
163 191
202 219
144 229
9 29
210 227
80 99
228 17
71 192
197 146
105 230
83 107
6 17
100 129
128 60
201 225
65 133
205 220
60 90
185 201
89 68
238 20
104 72
152 181
168 216
186 203
182 39
120 138
177 39
199 205
71 235
229 6
235 23
230 7
178 206
78 70
99 20
41 64
191 208
210 74
39 59
170 38
132 140
84 60
14 2
104 115
180 220
163 18
54 63
70 76
111 102
101 118
85 116
234 21
191 221
30 33
202 73
31 40
194 208
151 88
108 4
61 68
25 62
13 33
28 46
237 99
25 48
179 239
130 194
165 167
148 13
7 13
187 7
21 46
142 168
204 217
115 141
230 175
208 64
70 93
14 37
188 68
174 188
183 173
26 46
55 65
148 145
118 132
89 108
193 189
114 116
196 212
226 235
215 189
28 96
177 204
147 171
155 122
0 192
117 144
145 23
5 160
113 137
197 84
33 224
136 145
99 102
143 230
31 46
179 1
106 109
35 38
124 228
210 206
131 137
173 176
222 158
119 152
130 150
226 75
185 217
72 94
225 233
62 86
80 101
12 42
58 176
113 24
181 209
186 127
216 228
185 225
188 192
203 107
48 201
49 61
