EdgeArray
22 42
58 56
2 12
13 73
112 100
93 10
3 68
58 81
32 75
70 88
111 102
64 28
72 92
0 7
113 17
56 85
80 61
75 119
119 38
23 35
117 0
65 81
84 112
115 88
72 94
38 92
110 112
111 112
20 43
42 56
70 4
85 23
108 17
117 49
79 100
22 25
105 110
82 22
40 9
56 58
13 3
45 97
81 99
114 116
51 55
35 38
21 58
0 20
65 85
54 81
118 10
33 49
32 26
8 12
78 83
40 55
9 56
21 86
29 8
63 93
77 106
77 96
28 36
81 86
97 117
70 93
1 37
6 114
111 32
77 78
5 36
97 2
39 70
115 21
16 36
86 117
108 91
71 29
51 115
57 87
4 13
114 15
97 110
3 25
25 27
8 13
24 53
26 63
66 70
89 108
47 71
52 80
90 73
119 114
31 61
111 2
45 49
87 114
88 84
35 29
107 91
95 3
36 105
97 110
67 79
98 110
79 88
98 3
109 54
22 99
18 36
9 82
12 112
101 110
38 68
13 1
96 19
87 88
118 12
102 118
100 11
108 118
14 102
67 68
112 105
91 119
96 106
66 109
83 112
61 68
60 90
25 35
81 63
99 110
37 39
10 108
73 75
113 24
48 110
34 18
23 38
91 113
36 64
95 34
80 101
98 110
19 49
47 53
48 71
29 40
46 37
34 40
53 66
106 114
42 117
32 17
31 94
35 3
44 32
15 61
17 27
27 56
109 119
71 86
79 23
115 18
55 68
115 34
82 62
2 21
4 12
5 30
6 20
99 2
50 42
7 51
64 99
110 18
39 59
76 66
104 24
47 32
69 79
95 106
43 80
67 114
24 31
18 29
55 58
54 95
41 65
92 61
30 36
86 13
106 13
41 17
14 35
16 26
116 27
1 107
100 101
1 108
12 71
35 55
86 90
25 49
25 62
93 96
91 117
57 58
105 6
5 7
92 1
55 67
49 116
95 71
80 63
9 114
71 115
65 13
78 83
74 92
60 82
16 47
32 44
39 96
20 88
118 4
15 22
113 22
100 8
58 70
43 71
43 73
104 119
91 98
39 34
95 6
44 46
34 51
90 118
42 72
22 81
92 80
102 1
9 94
69 91
22 52
29 42
116 23
68 80
20 27
113 44
64 85
62 86
58 72
7 36
101 10
11 87
70 23
90 30
18 46
110 24
66 79
94 9
114 3
26 31
63 79
109 86
74 103
76 81
19 56
74 18
2 17
36 42
27 46
62 93
61 80
47 100
51 119
81 96
11 38
45 13
119 32
63 72
99 102
20 29
23 27
13 0
46 96
10 16
21 88
104 115
69 76
108 4
17 83
17 48
73 91
21 38
37 18
66 59
103 65
119 100
53 69
53 60
49 61
30 27
34 30
87 108
4 5
3 13
102 30
117 21
72 75
74 43
108 87
13 33
59 75
103 98
19 45
60 70
27 47
90 117
107 20
4 26
10 0
99 20
52 7
57 60
76 79
71 72
49 64
72 32
12 10
40 46
82 99
88 104
77 91
2 75
68 90
45 30
96 19
73 104
118 27
7 13
101 118
83 105
93 117
80 98
18 19
20 61
33 104
87 95
59 80
56 81
12 42
10 29
8 46
46 65
60 83
3 28
76 87
38 34
70 76
50 66
86 108
39 61
16 80
60 85
28 43
64 81
107 113
37 119
77 96
68 95
33 59
0 72
103 43
102 5
107 18
89 91
17 9
112 24
21 46
46 35
62 75
99 106
34 40
76 89
49 13
116 87
3 27
94 4
55 72
4 19
74 84
50 110
84 60
28 96
75 99
11 42
9 29
11 0
85 33
94 58
64 109
79 4
106 109
47 36
88 109
19 55
44 64
117 23
65 52
103 7
67 101
68 92
82 90
103 56
110 116
11 32
33 39
59 74
49 78
96 1
85 116
51 56
19 20
10 70
105 7
32 23
107 17
58 83
35 37
110 40
106 42
104 72
38 62
96 33
116 35
17 29
12 68
98 71
100 109
84 37
38 51
116 101
65 85
0 6
115 0
101 106
72 27
8 38
7 26
75 2
93 105
85 95
41 24
73 46
104 107
59 84
92 112
48 81
24 53
41 64
88 4
43 13
29 88
28 46
14 2
75 105
94 93
61 105
54 44
59 84
46 50
48 106
118 5
27 51
30 12
101 14
14 39
42 86
54 83
52 17
62 96
85 8
66 62
111 0
69 87
37 59
67 29
50 65
83 94
2 20
119 6
40 46
51 6
83 107
62 3
44 77
31 46
33 41
78 70
29 34
15 93
25 48
61 75
113 63
5 27
63 89
52 86
6 17
78 27
48 21
114 63
0 17
81 20
45 63
112 10
88 112
27 36
23 92
69 33
1 4
52 44
56 57
83 82
93 112
68 24
94 111
117 24
6 98
100 9
102 105
98 5
53 62
80 99
109 0
57 37
105 57
16 37
84 61
54 63
31 40
44 92
31 60
50 54
78 118
106 8
63 65
5 40
42 99
53 54
92 112
87 93
1 5
84 111
23 30
55 65
41 53
30 61
73 93
79 95
7 102
40 69
26 61
89 81
105 103
14 37
97 18
24 92
91 16
26 39
15 9
36 56
8 32
90 102
26 46
6 31
86 92
61 114
15 79
24 105
37 105
57 66
56 76
82 41
89 68
28 3
71 74
89 117
36 32
112 71
75 97
30 33
109 9
18 72
114 99
43 65
