WeightedEdgeArray
240 308 8.38343757670e-01
238 321 4.10354818217e-01
140 221 7.68790280446e-01
478 248 6.20546175167e-01
211 290 4.40677656326e-01
93 250 1.52100240812e-02
141 159 8.96092796698e-01
226 254 9.04749795794e-01
32 195 8.52720612660e-01
477 15 4.19736773241e-01
242 162 7.97577353194e-01
205 206 3.88237153646e-01
72 452 2.69927256275e-01
329 338 7.84926451743e-02
347 354 8.07832706720e-01
395 424 8.47485562786e-01
283 290 1.98164882138e-01
238 242 8.03480532020e-01
128 292 6.48936932441e-01
144 265 1.70473512262e-02
315 326 8.21377399843e-01
311 85 5.37801158614e-01
84 112 2.77731177863e-01
463 196 4.84552753624e-01
237 241 4.59578484297e-02
396 454 4.01222461369e-01
110 112 2.48040674254e-01
337 339 4.38712990377e-01
194 267 4.90440921858e-02
279 365 9.79985447600e-01
70 124 6.89484058879e-01
182 339 6.60960955545e-01
108 137 3.93636127468e-01
451 124 8.22012085002e-01
276 306 4.11126801744e-01
22 25 2.82837974839e-01
127 156 5.12697421946e-02
253 23 9.05472946353e-01
40 9 7.24460644647e-01
56 58 8.24002618901e-01
13 243 5.84882369265e-01
134 156 8.05591436569e-01
202 217 5.25504522026e-01
324 344 3.27133407816e-01
376 385 8.43047713861e-02
346 386 8.11311902478e-01
21 58 5.13609295245e-01
159 160 9.86305452883e-01
325 342 7.58166526910e-01
54 81 6.43732948229e-01
253 349 4.73591817543e-01
262 277 6.64960014634e-01
457 114 5.44318139553e-01
322 386 2.76255649049e-01
78 83 2.33341887593e-01
40 55 1.84916375205e-01
277 308 3.81704488304e-01
288 308 2.46841129381e-01
300 321 1.12811592408e-01
63 93 2.14185854420e-02
77 106 9.77982369252e-01
77 96 6.89276810270e-01
28 36 5.88357259054e-01
81 86 3.42522356659e-01
408 438 8.13244748861e-01
148 169 4.32899564505e-01
143 297 2.97225621063e-01
6 474 2.12386043742e-01
309 322 9.08164666034e-01
354 62 6.39586973935e-01
5 36 6.13700912800e-01
156 295 5.26586607099e-01
142 157 7.80028335284e-01
327 438 5.93752034474e-01
16 36 2.90212526452e-01
86 117 8.97563688457e-01
108 211 8.31962850410e-01
379 445 4.09014809411e-01
51 235 8.52837174665e-01
262 313 3.25684964191e-01
238 254 7.42414492648e-01
254 375 4.38097958453e-01
244 437 1.38668342028e-01
378 382 7.18904121779e-01
192 320 4.62422637269e-01
8 133 1.85783580877e-01
139 156 9.74347580690e-01
26 423 3.98455705028e-01
453 313 3.50836753845e-01
294 312 2.15597432572e-01
441 132 7.59925119113e-01
333 363 8.08608771767e-01
401 419 5.20080136601e-01
300 303 4.50390642043e-01
367 398 3.13558601774e-02
111 122 5.41132954881e-01
419 414 4.24469473306e-01
455 479 3.52508496027e-01
243 274 6.28450033255e-02
181 201 8.77684010193e-01
107 91 7.29742387310e-01
430 439 6.22246645391e-01
302 371 3.72447297908e-01
204 183 8.98388963658e-01
408 152 5.72214382701e-01
98 110 4.56493630540e-01
393 70 6.21174466796e-02
347 363 8.58739804476e-01
127 245 3.78021094017e-01
341 180 8.55053774547e-01
395 124 6.12040833104e-01
9 322 8.73196134344e-02
12 112 4.57366053946e-01
101 110 1.84558021836e-01
38 68 8.81337887142e-01
13 241 4.84658383764e-01
240 323 1.32221758366e-01
137 300 9.83268811367e-01
472 7 3.65686826408e-01
219 346 2.22223627381e-01
139 164 4.59191985428e-02
269 298 7.56605741102e-01
297 313 6.50683016982e-01
159 206 5.53038855083e-01
112 465 4.38275075052e-01
320 357 4.73094000481e-02
289 290 3.85739591438e-01
122 271 2.83083484974e-01
416 454 3.45763795543e-01
225 251 6.75412770361e-02
422 479 9.54707056750e-01
156 185 8.36030323058e-01
412 437 5.07713600993e-01
99 110 3.63633333705e-01
37 39 6.95468088146e-01
248 250 5.72279009502e-01
200 203 4.07899177633e-01
278 147 1.35950829368e-01
424 433 1.14099845290e-01
379 381 4.26035863813e-01
438 447 8.05497481488e-01
468 114 5.03819286823e-01
441 464 4.51197872870e-01
153 287 9.58009562921e-01
366 367 1.50112430565e-01
98 110 9.96905060019e-01
189 191 6.68855756056e-01
240 453 1.33441335987e-01
146 164 9.35554092750e-01
407 429 2.57547297515e-01
275 123 7.54319694825e-02
209 232 1.23350410722e-01
53 66 7.78815936297e-01
106 114 7.39278510679e-01
42 117 2.84668755718e-01
32 257 4.68304657377e-01
207 219 2.38004476763e-01
444 468 4.14265205618e-01
306 24 1.25599662308e-01
15 61 1.84827934485e-01
353 434 7.99729432911e-02
27 56 7.63710621744e-01
374 377 6.00334706251e-01
71 206 5.39756967220e-01
269 450 3.04215317592e-01
149 353 7.33864215203e-01
55 308 4.41731395200e-01
154 205 4.44117158186e-01
82 302 1.46453845315e-01
373 381 1.24470039736e-01
430 327 8.16492538899e-01
443 454 2.95761299785e-01
462 138 5.45651409775e-02
392 464 8.07112869341e-01
374 325 5.09238833096e-01
217 414 6.35405508801e-02
260 263 9.15359806735e-01
371 372 1.52503117453e-01
448 146 9.69515141100e-01
76 306 3.05222761352e-01
203 234 7.53082358278e-01
294 145 5.53371568210e-01
69 79 2.75450916961e-01
328 330 1.37406376190e-01
356 385 2.22729441244e-01
267 19 9.01863508858e-01
24 31 7.47563910205e-01
189 199 6.01094007492e-01
296 382 9.00189997628e-02
54 215 8.71879964601e-01
363 29 5.83287106827e-01
92 181 4.62825317401e-01
189 207 3.03146473132e-01
336 78 2.09537874907e-01
310 415 7.65113054775e-01
433 84 6.72764497343e-01
14 35 2.26671012118e-01
140 150 8.84395046625e-01
133 139 7.20093857963e-01
433 452 6.17573238909e-01
180 326 5.66219755448e-01
418 393 2.78957965784e-01
12 311 1.17801731918e-01
414 422 4.97680893168e-02
450 295 7.54381030798e-01
163 192 6.03724516928e-01
368 383 6.11691291444e-01
302 411 8.44227122143e-02
165 343 6.86484968755e-01
378 392 9.45496646687e-01
460 218 4.53660883009e-01
240 402 8.01066264976e-01
364 390 5.28235037811e-01
55 67 3.50627690088e-01
217 244 7.66821154393e-02
95 311 1.53310665395e-01
80 63 9.47327744681e-01
9 234 7.02904534526e-01
218 245 2.93364944402e-01
385 230 1.22332390398e-01
78 83 6.66154590901e-01
279 165 4.18264157604e-01
197 446 1.49346552789e-01
16 47 2.95448260847e-01
475 195 1.52268353850e-03
326 141 7.75601318106e-01
448 255 6.18352036458e-01
428 432 1.39880120289e-01
15 22 9.75635203533e-01
121 145 7.42900651414e-01
429 9 4.58735779859e-01
58 70 5.73434156366e-01
438 454 3.30086772796e-01
191 202 6.43355464563e-02
172 200 8.71441536583e-01
409 110 6.55800633598e-01
130 132 9.07420699019e-01
95 246 2.93501127046e-01
389 409 7.36227646936e-01
152 334 5.64443008043e-02
90 118 4.48670937214e-01
335 413 3.66992758121e-01
319 52 5.31210466754e-01
92 80 6.99152620509e-02
102 121 3.57669338118e-01
344 374 7.29396865703e-01
355 390 9.24607111141e-01
224 254 8.41204114258e-02
281 287 2.38301781472e-01
410 46 5.50509477500e-01
407 422 9.61773210205e-01
179 309 9.97822705656e-01
151 160 1.04510157835e-01
171 183 2.51647332218e-01
370 391 6.79884260055e-01
241 465 2.67876519356e-01
297 314 3.83577999659e-01
101 130 6.70137739275e-01
11 87 6.92107948940e-01
257 58 1.80537091102e-01
460 473 4.54547245521e-01
18 166 6.90158363897e-01
356 381 1.19359516539e-01
336 234 2.62707201764e-01
270 219 2.04829815775e-02
135 155 1.04610629845e-01
26 31 8.87451202143e-01
323 396 9.20090334956e-01
338 355 4.85670285765e-01
398 216 7.06204556860e-01
266 283 8.69788307697e-01
19 176 4.89579639398e-01
74 258 2.79141832609e-01
209 413 6.21759466361e-01
247 424 6.31973552052e-01
315 55 2.79470732901e-01
212 218 6.62399499677e-01
426 442 8.76217868645e-01
47 220 4.03854912147e-02
444 470 2.43776079267e-01
211 217 3.78048177809e-01
11 38 7.81696399674e-01
259 285 7.38469632342e-02
187 414 2.10563279688e-03
63 72 3.08230554219e-01
234 261 6.35667873081e-01
359 377 9.19233949855e-01
464 4 4.16330217384e-01
397 398 8.37976456154e-01
231 251 7.07625505049e-01
10 16 9.52467543539e-01
21 448 4.88551415503e-01
183 205 7.33844046015e-01
405 410 1.18671624921e-01
224 235 2.66912042629e-01
355 336 8.72560357675e-01
213 286 1.38017903082e-02
432 462 9.01862219907e-01
196 378 1.87036011834e-01
37 378 4.56808835734e-01
251 276 7.12768857367e-01
444 96 8.46997561399e-01
119 460 3.61210084520e-02
397 396 2.86742440425e-01
290 291 5.40533055551e-01
244 273 7.30705583468e-01
30 147 9.26353705116e-01
34 30 7.26275097113e-01
412 413 8.90353028197e-01
415 1 2.36513860989e-01
260 276 4.00926886592e-01
102 150 4.27201827522e-01
117 141 4.66523195151e-01
328 338 8.14684135839e-02
450 472 3.67603002582e-01
306 458 3.54159830138e-01
321 473 6.26677997410e-01
59 75 9.48125408031e-02
351 376 1.39060895890e-01
463 222 8.67450805847e-01
405 125 6.48297749925e-01
27 47 9.44021399133e-01
90 117 1.24029736966e-01
264 313 7.18349920120e-01
307 325 1.13913950510e-01
400 246 4.57840009127e-01
329 95 5.76095328201e-01
343 349 4.30661691353e-02
411 432 8.88382703997e-02
76 79 1.35487345979e-01
147 271 2.95232762583e-01
49 64 6.94029306993e-01
258 266 8.51582716219e-01
478 14 2.26163058076e-01
40 46 3.08605092578e-02
82 99 7.07393790595e-01
157 187 8.61701901071e-01
364 253 5.30084874481e-03
271 285 3.06592564099e-01
128 342 8.88390238862e-01
364 21 2.08979711402e-01
152 180 4.95165090077e-01
73 224 2.53231572453e-01
452 457 4.60360947996e-01
333 285 7.48726034537e-01
232 249 7.52593464684e-01
406 424 7.24504223093e-01
436 439 6.39169257600e-01
287 294 6.62388186902e-02
390 410 2.24572271574e-01
466 1 3.89663228765e-01
289 387 6.42607739661e-01
469 21 8.29979428090e-02
365 439 2.00239793397e-01
56 81 2.65761865303e-01
221 240 7.24237207323e-02
469 149 2.64577993657e-01
8 166 4.13175316993e-01
142 328 8.70930406265e-01
359 23 9.17844967917e-02
3 28 2.67557045911e-01
445 131 3.84261535481e-01
257 449 7.12583804969e-01
343 349 9.95053427294e-01
392 400 1.30039611366e-01
373 404 4.93639102206e-02
295 25 2.64369540848e-01
247 253 6.44901760388e-01
60 85 8.94407079089e-01
162 278 2.86471109837e-01
325 356 8.30908366945e-01
136 318 5.35724135116e-02
358 366 2.85590671003e-01
387 112 3.24984080158e-01
323 352 5.71245484985e-01
375 401 6.39821723104e-01
169 178 7.60937290266e-01
103 403 2.06593071111e-01
299 324 9.84282767400e-01
172 188 3.33400578238e-02
359 45 3.29152617138e-01
262 387 6.17743051145e-01
273 274 4.74555541761e-01
394 173 9.61558592040e-01
174 299 1.09662593808e-01
62 75 3.58903655317e-01
99 106 8.01805001218e-01
34 40 3.68425067980e-01
366 14 3.96648158785e-01
300 155 6.76940278150e-01
116 447 5.34749737941e-01
3 27 3.04474836215e-01
386 405 4.18685662095e-01
462 467 8.36250737775e-01
177 207 7.61058167554e-02
178 388 2.37453846727e-01
50 470 1.03317729663e-01
181 184 2.51636412926e-01
160 179 5.95058045350e-01
295 465 8.99279939942e-01
363 373 2.83306029160e-01
204 95 7.39854201674e-01
11 240 9.43497410044e-01
312 313 2.88054808509e-01
444 382 3.21340411436e-01
207 231 5.17031055409e-01
356 365 7.36042079516e-01
176 230 8.08021280915e-01
420 436 1.90749201924e-01
401 417 6.03654905688e-01
128 465 5.34370495006e-03
253 260 3.34359767381e-01
322 326 6.05640502181e-01
214 243 4.27053342573e-01
459 1 6.45094591193e-01
67 101 6.27565854229e-02
448 459 2.56161825266e-01
82 90 6.87303689308e-01
387 436 5.53292394616e-02
110 116 3.96140339319e-01
292 269 6.57306453213e-01
277 288 7.18676638789e-01
463 29 7.91348661296e-01
431 11 4.13623945788e-01
466 479 8.69151123799e-01
223 364 1.41353322193e-01
51 56 4.29680555593e-01
19 20 9.70393852331e-02
236 266 2.77089214884e-01
263 311 5.91576691717e-01
288 38 8.63668947946e-01
107 137 4.89209266379e-01
58 443 6.55253292061e-01
317 250 7.54169395193e-01
110 40 1.98663559742e-01
262 292 3.34240938537e-01
277 290 6.09836033545e-01
458 197 7.49940867536e-01
96 153 9.15411632042e-01
292 129 1.44632041920e-01
286 298 5.16586733051e-01
12 428 8.08064908721e-01
98 71 2.64949495904e-01
342 369 5.72922104504e-01
84 157 4.91166706663e-01
300 330 6.48888944648e-01
167 171 9.50574464630e-01
65 85 3.05717935320e-01
124 151 8.34343614988e-01
193 212 7.61570534669e-02
101 106 1.69542783871e-01
124 299 6.52817115653e-01
349 224 5.51559571177e-01
340 349 7.94655210804e-01
330 359 1.99731159955e-03
181 183 7.68403996248e-01
195 220 1.35944524314e-01
227 241 4.08223105595e-01
144 368 6.92227581982e-01
478 8 2.20815221313e-01
409 72 2.74248780217e-01
464 467 5.53984556347e-01
392 395 9.18206224218e-01
297 319 7.45541076642e-01
220 227 7.62857746333e-01
161 264 9.09187081270e-02
477 16 9.47893546429e-01
473 234 5.92907217331e-01
225 240 7.19602149911e-01
221 424 8.88748963363e-01
162 357 4.56035258248e-01
94 93 5.21834452171e-01
61 225 8.05734131020e-01
54 404 7.60014308617e-02
462 13 2.72497310303e-01
309 318 4.48656072374e-01
48 106 6.41152750701e-01
129 186 7.88416889496e-01
168 204 2.01678016689e-01
201 232 8.42854592949e-01
132 155 7.26047633216e-02
439 458 1.38800702989e-01
355 356 4.07457411289e-01
54 203 5.53801855072e-01
442 448 7.93602871243e-01
284 298 9.38808452338e-02
424 82 2.76373227593e-01
66 302 1.33906566072e-01
293 304 4.07536893617e-01
421 152 7.45938452892e-01
37 59 8.96961852908e-01
334 389 2.67875343096e-01
467 11 5.10707456153e-01
231 234 7.76631161571e-02
367 393 3.50936423987e-01
293 298 6.63869784679e-01
40 166 8.23083613068e-02
271 59 9.78276742622e-01
331 373 1.26385834999e-01
288 307 6.88869007863e-01
447 137 9.77310624439e-01
457 4 2.71861137822e-01
455 67 5.56877491996e-01
268 131 9.40989635885e-01
456 465 2.86551038735e-02
209 366 2.75196770672e-01
199 387 1.57968867105e-01
61 315 8.53431803640e-01
316 24 9.25001389813e-01
245 259 1.84172228910e-01
63 89 6.92355630919e-01
52 446 1.81109564379e-01
215 216 4.59693235345e-01
78 147 6.92618006375e-01
130 144 6.06282009277e-01
304 313 1.88707653899e-01
229 257 3.74497204088e-01
177 12 6.04050357360e-01
45 63 8.75107306987e-01
210 241 3.16974565387e-01
308 291 4.87185020465e-01
168 23 6.42533198930e-01
23 212 5.02036428545e-01
344 358 5.01546191052e-01
422 442 9.36189537868e-01
445 471 3.29218120780e-01
398 299 4.53103801236e-01
83 322 2.33731302433e-02
93 112 8.86963481549e-01
228 252 1.60656044260e-01
328 335 4.65001099743e-01
192 255 9.89886959083e-01
165 167 2.80582716223e-01
215 190 5.37715492304e-01
172 416 8.23393105995e-01
194 214 1.12625334412e-01
53 62 2.55333726760e-01
141 318 1.58514204435e-01
357 44 5.72927047499e-01
135 151 8.99093130138e-01
429 175 1.71004136093e-01
16 37 7.41389388684e-01
428 447 9.04406249523e-01
222 225 2.94305891264e-01
385 413 7.01269886456e-01
344 389 5.17555301543e-01
31 60 8.05981850717e-01
50 54 3.27403116040e-01
267 284 5.95097078476e-01
106 128 9.32208125480e-01
202 212 3.31653770059e-01
233 175 4.84624487348e-01
311 156 7.19140690286e-01
208 170 5.57195565663e-01
92 112 9.40624420065e-01
87 93 1.85511400923e-03
318 322 3.32878632005e-01
363 26 4.40267489757e-01
23 30 6.25989672728e-01
270 286 9.94484599680e-01
478 23 1.85998518951e-01
176 303 4.57892746199e-01
73 93 7.27522299159e-01
79 95 9.19758668635e-01
416 425 5.03836626653e-01
164 258 8.33254609723e-01
26 61 6.48025018163e-02
410 83 2.92279549874e-01
168 191 3.64273851737e-01
437 459 5.27833769564e-01
97 138 6.30970942322e-01
162 350 1.32962358650e-01
380 408 7.03372891992e-01
330 352 9.65324657969e-01
15 9 9.80392424390e-02
241 272 6.55568038113e-01
261 420 5.32408439089e-01
90 342 7.94397281017e-01
250 279 1.13706873264e-01
131 3 6.21132167988e-01
123 133 8.96047655959e-01
61 234 1.25494838227e-01
15 79 3.05661937688e-01
415 341 6.59535646439e-01
339 3 7.12719487958e-01
265 448 9.85389897600e-01
460 114 2.83083957620e-02
303 324 1.59672826063e-01
232 104 5.70520895533e-01
28 123 8.58516690321e-01
166 18 6.29063695204e-01
89 117 1.97010057047e-01
220 61 3.49645914976e-01
112 191 5.17776129302e-01
263 345 8.85967758019e-01
223 228 4.96428756509e-01
289 398 6.79524906911e-01
18 312 9.30062866304e-01
114 99 9.60788142402e-01
43 65 3.30361434259e-01
279 281 5.97794000059e-01
63 65 6.28035548143e-01
408 6 8.56429263949e-02
311 335 6.81649237406e-01
309 325 9.55723049585e-01
20 147 9.49145178311e-02
473 13 2.57821996696e-01
360 362 5.27764326893e-01
120 86 7.85467206500e-01
145 162 7.50304120593e-02
329 103 2.68965916242e-01
280 289 8.18814862985e-01
322 448 1.34275462013e-01
272 377 2.82460014336e-01
423 453 6.97492281441e-01
90 270 5.60649219900e-01
227 321 9.87690426409e-01
357 377 1.02328246459e-01
167 401 2.84480884206e-01
95 243 4.95999851730e-01
414 444 8.74385823961e-01
440 457 6.46478149109e-01
272 281 9.14400347043e-01
34 18 2.55370719358e-01
460 121 5.17532181926e-01
209 233 8.89124432113e-01
174 202 3.15392956138e-01
286 326 6.37269141618e-01
332 400 9.25458876882e-01
249 350 7.92137535755e-01
474 5 2.22269140650e-01
418 443 5.45311565977e-01
349 421 8.33756545559e-01
406 262 1.24741637148e-01
0 17 4.73570582923e-01
134 164 9.64255475905e-01
89 81 2.41716414690e-01
2 21 3.76150583848e-01
197 368 2.52855997067e-01
325 347 8.45615728758e-01
162 387 9.80894845445e-01
59 74 1.76089588087e-01
364 76 5.50458950456e-01
285 19 1.97231178172e-02
45 49 3.10205912217e-01
426 365 7.05286394339e-01
294 306 5.93730038498e-01
454 385 9.24546001479e-01
374 60 4.10449337214e-02
298 308 4.39194888808e-01
186 193 8.60038728919e-01
39 274 6.39170631301e-01
321 333 7.33634296339e-01
440 134 8.79072768614e-01
325 346 5.86783848703e-02
284 54 6.06101843994e-01
72 75 7.53891626373e-02
466 202 3.47713051364e-01
125 36 4.03504993767e-01
6 391 9.40367658623e-01
423 362 7.83619927708e-01
457 6 2.13106903248e-01
477 5 3.62351091113e-01
369 4 8.73559450265e-01
172 447 8.64117457531e-02
291 322 4.72511990927e-01
326 314 6.75808283500e-01
91 98 1.88106107526e-02
437 457 4.76000009570e-01
252 25 2.65329271089e-01
109 206 7.10580124520e-01
84 351 9.35214336030e-01
475 476 1.48505832069e-01
1 5 5.31820237171e-01
477 14 9.45980561431e-01
408 223 1.60613406915e-01
137 158 5.58099295478e-01
144 164 5.65422049724e-01
363 368 8.53777301498e-01
350 371 1.93666249979e-01
332 350 4.65230517089e-01
402 426 8.65085414611e-01
115 138 1.56324161217e-02
243 364 6.74497624859e-02
256 163 3.61162536312e-01
137 281 4.07734827138e-01
195 220 8.38360159658e-01
373 385 5.58823957574e-01
301 327 7.91218623985e-01
468 20 1.36416222900e-01
184 233 4.17988917325e-01
102 125 3.49765383173e-01
65 81 7.77456820011e-01
23 35 3.46272286028e-01
393 346 5.27264053002e-01
109 294 4.79216876440e-01
239 243 4.36032913625e-01
47 152 6.54790203087e-01
24 53 7.03824642114e-02
110 264 4.71692704596e-02
238 258 7.13023319375e-01
221 347 7.86694742739e-01
390 420 2.00115067884e-01
409 423 3.34596244618e-01
198 134 3.73891701922e-01
385 53 5.86492037401e-01
177 56 8.47178256605e-01
22 201 7.15305124875e-01
465 9 2.23620420322e-01
126 323 7.20511855092e-01
414 176 8.84743767790e-01
41 264 8.55799336918e-01
467 440 7.55725020543e-01
350 210 2.23228693940e-02
476 306 2.86139915232e-01
209 312 3.45587596297e-01
419 446 4.27061469294e-01
1 37 6.57131276093e-01
97 122 8.49466104992e-01
87 234 9.43613223732e-01
371 383 1.52290132362e-01
403 427 4.23131737392e-01
114 123 7.25325369276e-02
137 226 8.01589435898e-01
252 283 3.68488196749e-01
321 349 5.23069050629e-01
219 230 5.10407028720e-01
254 273 4.95792332105e-01
12 250 6.71739863232e-01
55 72 6.67908387259e-02
412 414 3.71562366374e-01
221 234 6.88364945352e-01
48 71 9.78865407407e-01
272 179 3.92650384456e-02
361 377 4.87770802341e-01
164 169 1.81732689496e-01
395 154 5.76011112425e-01
460 478 8.00123641267e-01
289 205 1.92950181197e-01
393 412 2.32165732887e-01
185 208 4.28244517650e-01
341 361 8.95535943098e-01
182 434 1.85837440193e-01
433 109 8.62392918207e-01
388 396 1.01656964049e-01
245 398 4.51788649894e-01
30 132 7.45337390341e-01
17 443 7.50498702750e-01
105 127 6.24062973075e-02
411 444 4.60620302241e-01
32 146 2.51582981087e-01
235 244 5.60729636345e-01
359 27 2.07333019935e-01
424 78 4.40370179713e-01
230 250 3.10967102647e-01
72 152 8.17295212764e-01
303 32 8.72482649051e-01
308 327 1.04971530382e-01
19 45 1.80530576035e-02
438 442 3.72953733429e-01
461 479 7.71135633346e-01
417 435 1.27046583220e-02
7 171 6.76967571490e-02
21 398 3.58671801165e-01
34 51 4.07457320020e-01
122 126 8.21021521930e-01
59 84 5.59374224395e-01
362 385 9.37731705140e-01
384 75 4.76881323848e-01
146 151 6.74657853786e-01
183 196 7.56266675889e-01
48 261 4.25403662957e-02
330 94 6.45058834925e-02
382 467 2.70197800826e-01
406 429 4.78595567401e-01
220 224 6.38605995569e-01
85 95 3.35034778807e-01
178 64 6.21619078796e-01
265 278 9.29532475304e-01
135 306 4.79762814939e-02
89 91 2.95439121779e-01
376 379 7.23736562300e-01
437 88 7.09954506718e-01
109 120 3.42278000899e-02
264 290 4.62583743967e-01
276 33 6.54771134723e-01
366 107 6.97412346024e-01
139 323 8.63899916410e-01
88 104 1.06621238403e-01
459 461 3.04961443879e-01
348 81 2.70253418945e-01
244 432 8.44230919611e-01
167 379 2.52932175063e-02
215 427 4.54232544638e-01
442 446 2.66173461452e-01
222 228 3.89067187905e-01
443 464 8.29599206802e-01
42 56 9.34905656613e-02
261 269 9.31629016064e-01
67 428 4.10262798425e-01
461 463 8.27095244545e-01
231 446 1.14378644619e-01
196 302 8.59327176586e-02
354 374 1.89751198981e-01
46 277 3.97512086667e-01
358 223 6.43611548003e-01
316 443 7.46432715096e-01
38 51 2.45925542898e-01
195 82 3.78588062711e-01
318 417 6.33919158019e-01
439 467 7.37325903028e-02
28 43 3.43874164391e-01
395 467 7.18029138632e-01
146 258 2.25391455926e-01
381 475 3.90960094519e-02
211 273 4.43894580007e-01
396 471 6.61111154128e-01
256 426 9.12695568986e-02
381 170 6.37157735415e-01
306 334 9.12086554803e-01
320 431 2.68302916083e-01
264 276 5.50642129034e-01
319 437 8.51150945760e-01
188 234 3.07260039262e-02
458 459 4.96904207394e-01
314 329 6.45228971262e-01
138 147 2.85298172385e-01
288 23 7.02020972036e-01
388 402 8.74099517241e-02
352 101 3.26969624031e-01
71 74 5.70061817300e-01
377 403 8.52016902994e-01
166 181 7.32575943694e-02
391 468 2.78751742560e-01
46 155 1.19343996979e-01
472 61 2.53392913379e-01
153 176 6.53911177535e-01
184 206 9.37300194986e-01
56 85 1.28998832311e-01
203 218 4.19366920367e-01
129 267 6.37327554170e-01
173 367 7.90965333581e-02
49 236 2.56282158662e-01
451 457 5.55111136287e-01
171 185 1.91078695934e-01
57 277 4.77444227319e-01
476 9 4.93567238096e-01
431 256 6.42653503921e-01
461 42 8.23909514584e-02
411 412 7.53447278403e-02
377 30 8.15418935381e-02
192 240 3.21870922111e-01
301 317 5.14605352655e-01
76 87 3.82527438924e-02
250 285 5.31404898502e-02
470 28 2.96594306361e-01
259 260 7.23477212712e-01
346 400 6.52659008745e-01
242 9 7.36471343786e-01
246 64 9.00646126363e-01
440 444 3.38802679908e-01
41 425 8.61984333955e-01
287 369 8.29850278795e-01
277 342 1.17543806322e-01
44 64 2.94114214834e-01
467 454 4.89879237022e-01
73 91 2.63264636509e-01
357 387 7.10067479871e-01
99 2 8.78046121914e-01
456 470 4.17719395831e-01
423 301 4.70816792455e-01
372 385 6.77617134992e-01
340 475 1.23559045605e-01
66 70 3.72992362827e-04
380 289 2.26587293670e-01
439 185 9.85001773108e-01
74 92 8.09445713181e-01
81 216 5.07253813557e-01
326 67 5.32646817155e-02
51 55 8.58416475821e-01
342 357 8.17847326864e-01
5 27 4.25573720597e-01
65 85 7.03122369014e-02
30 61 6.86992348172e-01
36 392 6.47604591213e-01
95 154 4.49854056817e-01
411 422 9.69796740450e-01
208 359 7.17720280867e-01
4 19 5.53075498436e-01
81 140 3.57665833086e-01
74 204 8.79767037928e-01
255 287 6.20148153976e-01
85 273 5.80038560554e-01
132 145 1.33387331385e-01
233 250 1.23512852471e-01
350 475 2.53431372810e-01
287 402 2.92447201908e-01
106 133 7.46126825921e-01
269 279 7.04559882637e-01
88 109 9.74331771489e-01
167 181 3.87661086395e-01
100 101 8.32239727024e-01
208 232 6.35992411524e-01
380 395 9.34797143564e-02
213 225 1.00430494174e-01
146 176 2.63900849968e-01
77 96 9.93187038228e-01
20 29 9.39449404366e-01
190 223 5.96814404242e-01
131 141 3.66378343664e-01
29 8 7.52359772567e-01
147 203 8.68055737112e-01
85 23 3.85580593720e-01
410 432 1.47301299963e-01
316 438 6.70975114219e-01
205 207 6.29494144581e-01
2 75 4.60106185637e-01
273 284 9.54685872421e-03
159 174 7.39677800331e-01
469 59 5.33888667356e-01
309 239 3.73356303200e-01
315 328 8.59136134386e-02
283 479 5.17971411347e-01
229 260 5.70806423668e-01
354 411 1.29516999237e-01
324 343 9.97676793486e-01
70 88 4.02451430913e-01
183 30 4.73214352038e-01
228 391 4.40639392473e-02
431 449 8.02652497776e-01
68 440 3.07468056213e-01
286 294 2.61977324728e-01
160 180 7.20943361521e-02
403 422 8.31373345573e-01
154 429 3.15701413900e-01
86 92 3.33142621908e-01
135 160 8.96836666856e-01
421 446 7.42381711025e-01
143 335 9.72306221258e-01
280 287 5.46719003469e-01
100 131 3.03394287825e-01
126 150 1.35576891713e-01
27 46 8.36962404661e-01
314 337 4.29063396994e-01
123 135 1.47664796095e-01
284 386 9.01017284021e-01
432 25 6.62353848573e-01
231 240 4.04466025066e-01
124 142 2.41645963397e-01
400 413 8.48472109996e-01
377 118 5.00841842964e-01
320 349 3.67460674606e-01
402 131 7.98903927207e-02
166 192 8.21613785811e-01
395 447 6.03653445374e-01
436 459 3.25286120176e-01
43 73 9.33056061622e-01
120 148 5.42935960926e-01
355 390 4.69358460978e-01
378 417 1.98774180841e-01
420 436 9.56968335435e-01
408 422 5.59262631927e-01
259 261 2.52488107421e-01
180 208 1.04824997485e-01
68 90 8.72314760927e-01
206 230 3.99870385416e-01
298 96 3.32357617561e-01
459 3 9.34142294805e-01
35 55 6.31902751978e-01
233 239 3.07964419480e-01
438 156 7.07610901911e-01
20 43 3.07971578557e-01
299 55 2.03352747485e-03
264 277 9.94479964953e-01
98 125 3.89254758134e-01
290 308 1.54037099797e-01
163 181 9.76068197750e-01
118 130 9.49922225904e-01
420 445 4.04222085141e-01
200 374 1.41857252456e-01
57 58 9.39530498814e-01
305 328 8.35902561434e-01
418 436 3.21262300014e-01
42 326 7.45840282179e-02
152 307 6.59595521167e-01
268 451 6.61907587666e-01
65 292 3.37722927798e-01
389 406 8.01848475821e-02
154 161 6.38915331103e-01
10 120 5.16320315190e-01
379 391 2.06228696741e-01
79 244 7.80698189046e-01
56 57 6.08486474957e-01
80 98 5.94658146147e-01
327 335 3.85179952718e-02
29 40 8.46492768731e-01
122 253 5.72885457892e-01
160 211 4.45391285233e-01
314 327 8.93431449309e-01
200 253 7.11394336075e-01
361 43 2.92026620358e-01
457 479 4.68493785243e-01
73 75 4.48380045127e-01
5 7 5.40445111692e-02
195 200 2.94781401753e-02
329 142 5.41350747459e-01
51 126 2.66887999140e-01
116 147 7.15320897289e-02
199 221 9.26554281265e-01
173 194 6.54758225661e-01
407 452 7.63935036957e-04
186 195 8.67856561672e-01
191 204 8.30047109630e-01
53 54 3.84146883618e-01
234 249 9.08215939533e-01
104 384 6.30013273098e-01
451 29 7.37609282136e-01
315 318 2.92792488821e-01
471 373 1.23033182696e-01
22 99 8.32391638774e-01
20 61 6.37576308567e-01
461 355 4.74315580912e-01
213 226 7.80150135979e-01
130 318 7.41057367995e-01
113 142 5.45042783953e-01
246 34 2.54069110844e-01
96 106 8.44687199686e-01
269 210 6.14164638333e-01
387 399 5.93503539450e-01
296 453 1.63816326763e-01
93 345 7.14667315129e-01
445 449 2.95666403137e-01
465 457 2.98478713725e-01
52 247 2.49951868318e-02
205 217 5.51787889563e-02
27 291 8.10373574495e-04
379 134 8.55355386157e-01
308 468 2.80585403554e-01
434 177 6.82856114581e-02
427 450 9.19138554484e-01
347 366 6.72891370952e-01
386 405 4.57264482509e-01
417 426 8.13998856582e-01
125 332 8.17666606512e-01
102 118 4.24396141898e-01
15 93 3.73512936290e-01
321 47 7.32929832768e-01
2 17 7.21938080154e-01
313 318 4.64752802625e-01
161 219 1.98206570931e-02
112 130 6.60666843411e-01
258 440 6.80981684476e-01
170 176 3.92559048720e-01
429 33 9.24262360670e-01
472 190 7.00902298093e-01
311 324 6.88571228180e-01
141 213 3.09489158913e-01
278 295 7.07351290621e-02
474 162 3.94578033127e-01
112 340 4.56571091898e-01
372 375 5.55952787399e-02
226 228 8.96837941837e-01
134 154 2.99161898438e-01
392 399 3.68325510528e-01
382 118 6.37750402093e-02
373 121 6.38556865975e-01
458 26 3.77205340192e-02
144 229 7.58969119750e-01
452 216 6.14957456477e-01
451 468 3.42969828751e-01
80 99 8.81609092467e-01
347 352 7.26822278928e-01
71 192 4.59622120485e-01
197 386 5.48061663285e-02
105 230 8.47046944313e-01
83 107 5.86779426783e-01
6 17 1.72131178901e-01
100 129 8.92750907689e-01
128 300 6.92539290991e-01
201 225 3.10271118302e-01
429 248 1.05361362919e-01
205 220 8.15070016775e-01
60 90 8.19613342639e-01
185 201 4.34322750196e-01
89 308 1.44715254195e-01
238 260 9.44394411519e-01
462 465 5.55239235982e-01
275 277 2.72111581173e-01
410 433 7.76826259680e-02
186 203 6.57871479169e-01
400 416 4.66794671956e-01
379 408 3.64427235909e-02
365 366 7.63452289626e-01
199 205 5.27272671461e-01
394 420 3.72050527949e-01
479 14 6.96771312505e-02
250 276 6.70088636223e-01
230 247 4.24418722279e-01
178 206 7.71523231175e-01
78 310 5.98737332970e-01
443 447 3.25871099718e-01
383 421 3.34320484661e-01
191 208 7.39725620020e-01
293 270 4.53614931088e-01
39 59 5.70144001395e-02
382 133 1.35489301756e-02
132 140 5.80542089883e-01
84 300 1.36342979968e-01
14 242 9.00273878127e-01
104 115 9.72091749310e-01
348 84 2.99888046458e-01
368 398 1.03477374185e-01
316 66 8.45573341008e-01
70 76 8.41799784917e-01
334 364 3.89072574209e-01
286 300 2.23424599506e-01
85 116 9.75175260566e-01
234 261 9.66867062729e-01
337 17 3.46629157662e-01
334 404 8.83405325003e-02
202 313 8.41510563157e-01
473 6 6.77180325612e-01
427 479 1.97660754435e-01
151 328 9.66673795134e-01
423 450 5.49341106787e-01
456 475 6.04654219002e-01
25 62 9.17220570613e-01
326 342 6.75059023779e-01
28 46 4.98083472718e-01
237 339 4.44052926730e-01
381 345 5.34318949096e-01
384 85 3.57943219133e-01
282 302 3.59811299480e-01
165 167 9.37314650044e-01
399 125 5.64737710636e-01
7 13 1.34527369868e-01
187 247 1.43057237845e-01
21 46 9.62732618209e-01
142 168 4.82317368500e-01
447 461 4.16434514336e-02
115 141 4.95970756747e-02
230 415 8.70786916465e-01
208 304 1.08497577254e-01
70 93 1.01549893618e-01
339 355 9.02156960219e-02
343 368 6.78847095463e-01
174 188 8.89364356175e-01
183 173 7.19431167934e-01
26 46 7.11123024113e-01
267 285 3.03926141001e-01
148 385 7.89716904517e-01
118 132 5.02355781384e-01
453 18 6.20639484841e-01
448 367 3.29790737014e-01
114 116 8.00475842785e-01
196 212 4.18085195124e-01
252 332 4.00934556965e-01
391 126 2.37922255415e-01
455 472 9.27241500933e-01
177 204 4.92533566430e-01
147 171 4.38058548607e-01
155 362 4.04419247061e-02
0 192 3.62313159741e-01
117 144 3.18162568845e-01
334 277 9.21209747903e-01
291 59 6.35679561645e-01
113 137 1.48839847650e-01
197 324 2.22536263522e-01
367 387 9.88509773742e-01
136 145 7.06133985426e-01
99 102 3.75908934511e-02
143 230 9.29091265425e-03
31 46 7.67836047336e-01
248 264 6.20040096343e-01
106 109 7.74801429361e-02
35 38 9.11863435060e-01
124 228 6.80052248295e-01
432 477 3.97002127487e-01
131 137 7.39883954637e-01
173 416 5.44896902516e-01
308 332 2.88163728081e-01
413 422 2.79210614972e-02
346 352 5.18125049304e-01
443 471 5.72268943768e-01
185 217 3.25228501577e-01
388 414 9.32515083347e-01
247 277 4.32801542804e-01
401 463 3.92302068416e-01
80 101 2.30281813536e-01
435 180 9.37583878171e-01
256 287 4.39208120573e-01
113 264 2.90876397863e-01
428 237 1.99838345870e-02
186 127 8.72013676446e-01
446 33 9.53494308982e-01
185 465 6.10060281120e-01
441 141 4.42798261531e-01
449 461 4.39005866647e-02
431 455 6.19297422469e-01
291 320 1.30595152732e-01
96 379 1.08479876537e-01
399 410 8.26278724242e-01
200 117 6.31928791292e-01
227 281 2.85430114716e-01
22 42 1.38780264184e-01
255 264 8.91474439297e-01
58 72 2.91868527420e-02
143 20 7.09790443070e-02
36 56 7.82607696485e-01
214 362 5.49614721444e-01
399 424 1.80798339192e-01
198 218 9.48602320161e-01
61 68 6.58180121332e-01
159 177 4.12263167556e-01
391 143 9.39835269470e-01
272 355 5.28929143678e-01
10 108 4.89693994168e-01
255 381 1.87683509663e-01
222 251 1.06335403863e-01
91 357 6.80224620271e-01
449 474 5.15811954159e-01
397 466 2.70582640544e-01
122 144 3.56121896766e-02
239 255 4.38047865871e-01
437 185 1.67052739300e-01
136 162 9.26690477412e-01
237 268 5.94018053729e-01
251 262 4.78839271702e-01
6 20 2.46249289252e-01
218 479 6.82981612626e-01
450 471 3.27931499109e-01
273 465 7.55206895992e-02
299 301 8.31864066888e-01
339 108 7.74776649196e-01
46 50 2.94062917121e-01
391 163 3.28966727015e-01
121 125 9.30803147610e-01
64 85 5.99241743330e-01
319 106 8.55364464689e-01
335 302 8.05400372948e-01
243 268 5.31150087249e-01
179 241 7.13317695539e-01
145 175 9.46318060625e-01
375 432 8.59130501281e-01
141 77 5.67676126026e-01
180 204 4.96012750082e-02
216 385 7.08856134675e-01
463 103 4.43073880859e-01
281 15 5.78758805059e-02
265 290 1.44033244345e-01
235 263 6.79194728844e-01
14 102 7.07823139150e-01
283 285 2.51691740006e-01
2 12 9.99819492921e-01
49 61 6.73778520431e-01
43 253 1.72123303637e-01
274 427 9.76279171649e-01
66 299 9.17621720582e-02
63 79 1.06552668847e-01
265 87 7.39912799094e-01
257 461 4.67046759557e-01
50 186 1.63041867316e-01
416 4 1.86758292839e-02
402 9 6.66883483529e-01
464 478 4.33615153190e-01
25 387 2.57620712277e-01
155 333 2.34816822689e-01
282 309 9.64804700576e-01
344 359 4.09399788827e-01
241 85 1.35259221308e-01
345 410 9.59503917024e-01
263 316 4.36326077674e-01
293 322 5.01274039038e-01
403 54 3.55072390754e-01
188 339 9.27502658684e-01
75 105 6.39402925503e-01
386 392 3.48509540781e-01
210 446 1.18480110541e-01
279 331 4.94589378592e-01
446 470 3.55613145977e-01
9 176 4.42990917712e-01
341 466 2.15693857986e-01
398 418 5.66511792131e-01
479 50 1.83987071738e-01
403 427 7.98758232035e-01
176 200 6.02543170564e-01
70 143 1.83626888320e-01
251 263 8.00210882444e-01
377 396 9.78445283137e-01
370 372 7.22458781209e-01
317 34 5.53600794170e-01
257 275 3.74562506098e-01
133 266 1.93526775576e-01
312 473 7.82704771031e-01
299 41 8.47359062638e-01
290 282 4.05050965026e-01
76 201 3.44384818804e-01
453 476 9.21870833728e-01
248 477 9.28919262718e-01
184 387 6.09842568170e-01
3 13 3.39750842657e-01
457 89 2.40752631798e-02
369 384 4.13576780353e-01
467 472 6.42587075010e-01
335 46 4.73431226797e-01
465 13 1.69092974626e-01
268 271 7.12781025562e-01
313 315 1.77746001631e-01
171 178 9.81409971137e-01
125 231 8.17461205646e-01
17 129 1.96186762769e-01
279 284 4.53393207863e-01
106 282 1.52806411497e-02
77 78 9.75926239509e-01
284 474 2.65959376004e-01
149 188 9.45463242009e-01
422 389 5.32895159908e-01
280 298 3.99647154380e-01
155 196 7.65452254098e-01
75 97 2.01426371932e-02
310 187 8.25370828621e-01
261 357 5.55488049984e-01
415 400 2.53940891940e-01
150 152 2.30968341697e-01
383 402 9.40901354421e-01
228 257 9.31632291526e-01
406 422 9.86463662237e-01
472 476 7.13137252722e-01
57 66 9.14699080400e-01
189 424 5.48981673084e-01
385 391 5.23434601258e-01
165 191 3.68521527387e-01
447 475 1.59158650786e-03
189 207 8.54551925324e-01
171 188 5.15453345142e-01
352 456 2.72579765879e-01
431 176 1.62951402832e-01
67 114 8.89883207157e-01
288 401 3.40319204610e-01
55 65 8.85471533053e-01
131 146 8.19628562313e-01
313 468 4.10679596476e-01
168 193 3.22771234438e-01
184 352 9.09657602198e-01
154 417 9.80603146367e-01
368 392 7.13081909809e-01
118 125 8.98254018743e-01
59 84 7.02794900164e-01
108 118 4.01691911742e-01
42 72 1.96958658285e-01
124 153 8.76545364968e-01
138 315 7.43271901272e-01
35 277 5.55808319710e-01
94 249 2.68240484409e-01
375 47 4.03587901965e-02
421 433 7.99137396272e-01
301 411 9.26354346797e-01
357 383 7.33784099575e-01
340 364 6.89504636917e-01
433 458 5.83800559863e-01
271 294 5.26413121726e-01
407 421 3.46215156373e-01
67 149 1.82277815416e-01
115 154 1.39221404679e-02
262 286 8.10480070766e-01
213 401 8.80306445993e-01
405 431 2.80372794252e-01
48 201 2.26298240013e-01
352 412 8.94843071699e-01
221 249 6.23802480754e-01
360 371 9.70545374788e-01
198 213 8.42452788725e-01
153 327 5.71957861539e-01
367 373 7.04844288062e-01
278 294 8.96203909069e-02
372 387 7.97359471209e-01
152 181 7.05380176660e-01
256 274 1.36548221577e-01
345 374 5.50344191957e-01
14 277 4.79910532013e-01
307 328 1.79296883289e-01
140 165 3.58883738518e-01
301 307 6.40863226261e-01
360 101 5.71832707152e-01
145 82 3.58340622857e-01
102 225 9.44547156338e-01
313 319 4.57074981648e-01
427 464 9.39954385627e-01
456 127 2.24070861936e-01
158 249 3.94337310456e-01
353 436 5.84367059171e-01
289 297 1.86144593172e-01
286 308 3.15806775354e-01
419 436 4.25270767882e-02
161 414 5.41506400332e-02
175 31 7.80136116780e-01
184 204 9.74751175381e-01
359 371 6.96798868012e-01
134 265 1.47561292630e-01
327 340 9.96342169587e-01
33 59 5.68378110416e-01
434 369 1.71171089169e-01
153 224 8.22979986202e-01
224 457 4.10009202547e-01
42 219 5.36818403751e-01
426 191 2.63634358067e-01
392 393 7.91994949803e-01
36 225 5.01398865134e-01
29 42 1.52191083878e-01
324 348 9.85051995609e-01
401 410 3.96007873118e-01
172 202 2.28458929341e-01
393 255 3.18859341554e-01
235 170 8.82635428570e-02
130 194 5.77266383450e-01
202 226 3.15494253766e-01
218 323 8.05011801422e-01
369 387 5.60365666170e-01
85 128 9.74284863565e-01
371 467 1.52503708377e-01
57 87 4.82539048884e-01
219 248 6.26058595721e-01
216 228 1.60041078925e-01
18 29 3.63876867108e-01
320 387 5.05545185879e-02
358 109 2.81777468510e-01
419 450 9.52858242672e-01
470 68 3.95361714996e-01
39 216 6.42969151028e-01
170 265 9.12164165638e-01
376 68 1.75255434588e-02
468 416 5.80952623859e-02
442 75 2.88842492737e-01
148 231 7.01545498800e-01
127 134 6.75308790058e-01
383 467 3.37984607555e-01
382 399 5.68929245695e-01
435 389 8.52946844883e-01
463 153 9.42143434659e-01
261 282 9.97551907785e-01
32 143 2.27313620038e-01
21 86 3.75213889405e-01
78 118 6.00355368108e-01
323 39 2.99627389759e-02
331 338 3.04452068172e-01
206 211 5.46519500669e-01
225 244 6.39865906443e-01
109 129 6.60885577090e-01
205 232 9.02809593827e-02
266 268 3.65176653955e-01
280 303 2.41976543330e-01
337 58 4.80562901590e-01
253 18 6.49219263345e-01
208 227 8.67661308032e-01
129 246 3.65973839071e-01
5 160 5.24851767346e-01
312 323 7.95461507514e-01
304 333 9.67958671041e-01
201 231 4.03101492207e-01
250 264 6.63470079191e-01
11 152 7.50938155688e-02
470 156 1.70931481291e-01
173 345 4.94659352116e-02
156 266 4.64647808578e-01
381 124 7.31536395382e-01
330 333 9.89958257414e-01
114 135 3.39720403776e-01
119 366 5.94044904690e-01
210 74 8.01596981939e-01
126 294 2.23800786771e-02
191 212 9.99043074902e-01
471 475 1.72067688778e-01
204 20 4.19995922130e-01
459 6 6.73177915625e-01
254 462 2.88761840202e-02
239 259 4.55040711910e-01
138 144 6.96416346822e-01
75 99 9.42987093236e-01
39 61 6.57650678419e-01
466 475 1.19593614712e-01
360 399 2.67955475021e-01
304 190 5.98479553126e-01
138 336 4.93027372286e-01
330 354 6.87440223992e-01
298 307 8.35683035664e-01
7 36 1.02442698553e-01
283 354 5.45606999192e-01
250 361 9.38715169672e-01
132 314 2.49958490487e-01
432 454 1.89920374658e-01
242 189 6.25133586582e-01
390 421 8.84678674396e-01
456 279 3.28417316079e-01
369 301 2.54485771991e-01
112 264 4.79551822878e-01
372 385 6.47360096686e-01
296 322 9.32094098534e-01
71 235 4.94001529645e-01
72 94 5.75226123445e-01
155 179 8.21957563516e-01
469 2 1.86790251173e-02
161 102 1.93978888914e-01
212 352 3.35050415713e-01
333 318 5.75899446849e-01
305 324 8.49682006519e-01
389 242 1.82200430892e-01
390 91 2.61328591034e-01
353 55 5.34388221800e-01
81 63 9.65604320634e-01
211 230 9.35039631557e-01
187 413 2.20294455066e-02
260 286 2.64059494250e-01
93 336 5.33716744278e-01
142 165 1.80227356032e-02
281 297 6.45538362674e-01
239 299 6.27891279757e-01
241 255 9.29870988708e-01
193 211 3.29821817111e-01
48 350 9.71701075789e-01
82 281 1.50109993294e-01
120 138 6.72130031977e-01
156 285 4.98980001546e-01
86 90 9.26769211423e-01
367 206 3.30571959727e-01
449 473 3.49007117096e-01
13 73 5.13184979558e-01
51 479 6.52276187204e-01
181 309 9.09378653392e-01
182 187 5.72603541426e-01
459 122 7.22628926393e-01
108 207 8.23800208513e-01
284 285 2.83847730607e-02
405 408 3.54853919707e-02
140 49 4.51571153942e-01
245 349 5.91425795108e-01
309 315 7.71725820843e-01
473 13 2.63937464450e-01
474 72 5.84787736647e-01
366 386 5.37177360151e-01
200 355 9.61938555352e-01
222 398 8.93957937136e-01
88 232 1.35083992966e-01
329 199 2.58385986555e-01
147 164 5.31506412663e-01
173 180 2.23729833029e-01
246 439 4.03682194185e-01
111 272 6.29089237191e-01
53 60 8.73906021006e-02
471 161 3.64215291571e-01
349 51 5.89821759146e-01
275 295 1.44904452842e-01
203 107 6.65013185237e-01
64 388 6.39722668566e-02
179 302 7.30661940761e-01
47 276 2.91759434622e-01
263 405 4.59368129261e-01
165 191 7.48790704180e-01
111 112 9.98942485545e-01
295 326 9.43283065222e-01
35 3 4.41091835033e-01
296 278 7.27258873638e-01
201 317 5.92429470271e-03
178 203 1.06916513294e-01
314 128 1.02380411699e-01
391 392 2.99152006861e-01
82 262 5.56464367546e-01
58 81 8.05560905021e-01
398 401 2.88773739710e-01
307 391 7.02701355796e-01
257 294 8.37969026528e-01
334 37 8.40551168658e-02
400 406 7.50964777544e-02
125 144 3.51088170428e-01
6 338 5.27530076914e-01
236 259 5.74634253047e-01
389 455 9.95115218684e-02
45 373 2.78378693387e-01
271 289 6.82586965617e-01
259 273 8.85350062046e-01
60 83 1.58309506252e-01
147 420 5.63472393434e-01
217 245 1.17496666964e-01
113 183 8.23046838399e-01
54 63 9.69730773941e-02
342 459 2.80844009481e-01
83 105 5.53773935419e-01
275 46 4.56369927153e-01
426 290 7.46085643768e-01
25 35 9.97004008386e-01
321 330 1.45910518244e-01
285 132 4.47050520219e-01
192 94 6.42081936821e-01
152 218 9.30553425103e-01
252 110 3.15460836515e-01
83 112 2.09126411937e-02
259 275 3.08902530465e-01
343 449 6.93394441623e-01
211 222 9.75280174986e-01
351 369 2.86309394520e-01
465 102 7.01515085995e-01
219 37 8.92416144721e-01
176 197 1.83531176299e-01
251 276 7.70514355972e-02
62 216 3.45569247380e-01
302 411 5.58451456483e-01
450 217 9.42978699692e-01
435 6 1.20477118064e-01
413 440 2.68985687289e-01
91 119 7.08871003240e-01
426 449 9.49493790045e-01
237 391 1.61603481043e-01
320 386 5.92789906543e-01
8 12 1.65867987089e-02
0 246 2.63916355092e-01
117 143 1.23202677350e-01
251 278 2.72432411090e-01
274 280 5.42105465662e-01
99 260 6.89434473403e-01
68 95 6.90511139110e-01
323 340 9.48540384881e-01
306 456 1.38623333536e-01
198 203 6.82070124429e-01
149 163 6.81727770716e-01
416 437 7.57027952932e-02
190 189 3.64558605943e-01
364 370 2.78109231964e-01
97 110 2.78329118155e-01
384 407 5.35784216132e-01
64 81 7.95219213236e-01
203 210 4.84516965691e-01
467 477 6.46540196147e-01
276 287 9.36071892269e-01
375 404 1.62070342340e-01
285 299 3.27427020296e-01
346 103 3.68051965721e-01
247 249 5.16612983774e-01
84 61 7.75850481819e-01
388 125 2.84171032719e-01
366 154 4.67312102206e-01
199 309 7.40699885413e-01
261 274 9.72549807280e-01
87 95 8.98481292650e-01
383 335 4.16099106893e-01
150 327 6.60011866130e-02
436 125 3.68391096126e-01
149 161 5.22070095874e-01
188 247 4.53140296973e-01
263 294 6.97176421992e-01
22 52 7.25649728440e-01
368 387 9.02896794956e-01
356 412 9.46849042550e-01
409 427 2.71715935320e-01
55 58 7.62086881325e-01
447 455 5.75539562851e-02
222 128 9.19934411533e-01
349 359 3.65724453237e-01
62 243 2.74574406911e-01
441 470 5.32673270907e-01
150 221 8.06995133404e-01
415 59 7.93392953463e-01
162 189 4.91744857747e-01
312 320 6.48486375809e-01
233 249 9.02657110244e-01
446 476 1.62187200505e-01
452 473 3.21843682788e-01
300 324 5.16465156339e-01
27 36 6.17151636630e-01
436 443 7.73791434243e-01
468 17 2.81814509071e-01
342 64 6.99114935938e-01
129 89 5.40322700050e-01
111 342 9.82407918200e-01
341 355 9.00791738648e-01
145 263 3.37176302914e-01
298 170 9.22615383752e-02
64 99 3.65177359898e-01
337 345 5.09518779349e-01
225 233 7.84299992956e-01
269 284 6.89331925474e-01
339 7 7.48471307568e-01
432 436 9.25728187896e-01
166 329 1.58986290917e-01
66 439 3.46511034295e-01
86 133 7.76837013662e-01
4 132 2.16105591971e-01
425 4 4.90514889359e-01
150 171 4.26606066991e-01
285 302 5.92171810102e-01
233 381 8.38764730841e-01
12 42 1.06476506218e-01
276 306 2.05033004284e-01
157 185 7.45565888006e-01
294 19 9.75381978322e-01
175 190 1.33482361212e-01
361 12 8.78986725584e-02
380 398 9.55210928805e-02
151 435 3.59094095416e-01
275 295 5.47897981480e-01
110 138 7.26025830954e-01
8 38 1.40242440626e-01
236 247 4.25993266515e-01
369 372 8.40562692843e-01
0 260 7.62764301151e-01
332 235 8.08173060883e-01
274 371 2.05479968805e-01
448 456 4.45996349212e-01
278 442 5.42035793886e-01
475 16 6.79202997126e-02
365 123 3.63251386210e-01
301 360 4.25834735390e-01
385 386 3.66516457405e-01
161 262 5.63332056161e-01
344 467 7.42460485082e-01
234 280 9.24587710761e-01
397 478 3.97995578125e-01
206 210 7.25452649873e-01
268 279 7.79978169594e-01
243 399 2.03591062222e-01
210 414 1.02754388936e-02
188 308 3.03553373553e-01
9 334 5.87447713129e-01
442 50 8.74835574999e-01
74 283 8.83376024198e-01
213 362 5.79176413827e-01
374 51 7.43718103040e-01
427 441 9.75109030493e-01
370 387 7.18211944681e-01
242 15 9.61464845110e-01
446 457 9.59148448892e-02
434 82 3.43823799863e-01
404 423 8.74858870171e-01
350 393 9.93550098501e-02
377 402 1.39712300617e-01
313 458 3.85336898267e-01
142 167 3.98351876065e-01
332 477 6.39184441417e-01
341 372 7.88326479495e-01
265 266 2.07419195212e-01
452 472 9.92623956408e-01
380 435 3.64486658480e-01
169 192 4.71947704908e-01
314 364 6.48680782411e-01
207 221 5.81162844785e-01
357 111 6.86529524624e-01
217 113 8.35248450749e-02
196 222 6.91216334235e-01
246 251 6.61722126417e-01
319 383 7.70942264237e-01
215 233 1.53341428377e-02
111 120 1.82614317629e-01
396 200 4.43438330200e-01
283 296 4.12882969249e-01
158 198 7.72034118418e-01
333 423 3.88949114364e-01
220 239 3.15298500471e-01
376 317 7.00859465171e-01
472 205 9.78671188466e-01
43 71 4.92481100373e-02
103 218 9.75536632817e-01
219 238 6.27773148008e-02
17 27 2.65761782881e-01
50 282 9.30013565347e-01
62 86 1.41488658264e-02
282 284 2.28336165659e-01
186 423 4.26596865524e-01
331 333 7.17162345070e-01
352 372 6.69706564862e-01
451 2 8.10939880088e-01
282 174 2.15881044976e-01
354 422 8.48165205680e-01
310 431 2.23772321362e-01
81 99 4.04453091789e-01
271 50 4.06904856674e-01
229 232 8.42515914235e-01
140 167 8.40571149252e-01
69 91 1.10008122399e-01
307 337 6.76163041499e-01
466 189 9.19681369327e-01
214 360 6.26396711916e-01
324 325 9.32845605072e-01
105 223 3.55816304684e-01
43 80 5.27116616257e-01
281 139 3.27047696803e-01
231 243 5.29002836905e-01
428 460 3.35768593941e-01
326 110 5.74557425920e-01
179 353 5.90949994046e-01
74 103 8.71043262072e-01
60 82 8.10815942939e-01
156 163 1.90472794231e-01
119 278 8.14233114943e-03
215 429 4.61275329348e-01
425 432 1.54634066857e-02
464 470 4.60290877149e-01
441 472 2.48878835700e-01
434 472 2.54748861771e-01
23 27 7.44834995363e-01
178 206 8.88521086890e-01
160 165 8.18656001240e-01
292 314 9.74267853424e-01
349 374 1.65772236418e-01
287 310 9.86955200322e-01
422 67 2.68921122421e-01
361 380 5.56527186185e-01
264 145 9.59406933747e-01
37 119 7.42321657017e-02
473 165 9.09660699777e-01
474 21 7.14089553338e-01
52 257 9.84994863626e-01
24 92 1.20010820217e-01
356 172 8.52398406714e-02
223 419 3.71592944488e-01
355 84 6.03756716475e-01
86 108 6.28668610938e-01
232 329 7.46349733789e-01
212 277 3.54075272568e-01
387 416 5.03127918113e-01
224 337 6.81461641565e-01
151 182 8.58614561148e-01
11 42 9.29253438953e-01
92 121 3.93513413146e-02
192 224 3.59665462282e-01
398 414 4.38593965955e-01
444 377 1.02120705880e-01
404 405 2.97290877439e-01
72 267 5.89750890620e-01
177 279 2.57908794098e-01
58 298 7.07008787896e-01
229 418 8.95600568503e-01
401 360 5.93137540855e-02
354 370 9.71097222064e-01
267 288 1.35276328772e-01
345 433 9.68260761350e-01
4 26 2.26188159082e-01
33 49 5.83690316416e-01
31 61 8.25415794738e-01
332 31 7.71236964501e-02
123 125 3.54100205004e-01
204 221 7.37947123591e-01
33 224 9.79692331981e-01
159 175 9.82152912766e-02
0 7 2.67541915644e-01
470 6 2.29412302841e-01
79 143 3.77988094464e-01
316 27 6.36938879732e-01
228 248 9.34460620862e-01
338 413 3.00822090823e-01
439 51 5.33709660638e-01
90 433 6.86780589633e-01
115 448 7.84794297069e-02
393 67 7.53390451428e-01
351 358 3.97830801085e-02
38 154 4.44185719360e-01
237 285 7.47742610518e-01
258 279 9.15892732795e-01
405 432 3.60479264054e-01
469 166 4.96338023804e-01
365 136 6.29137430340e-01
417 34 6.93199004047e-01
371 392 8.58178465161e-01
226 315 4.00738464668e-03
270 275 2.84447395708e-01
76 89 3.46400468610e-01
119 354 9.28996581584e-01
336 58 1.75497312099e-01
87 88 4.62686485611e-01
122 133 8.47369776107e-01
154 157 9.00238866918e-01
394 413 3.66943089757e-01
194 217 9.06097929925e-01
44 452 9.63053608779e-01
182 208 1.12750384491e-01
352 50 4.56460510846e-01
317 453 5.71033719927e-01
64 469 4.34094643220e-01
298 478 7.08775525913e-01
258 259 9.24089250155e-01
185 27 5.41037579533e-01
404 217 5.29269996565e-01
136 147 6.36601379607e-01
150 357 1.02182743140e-01
143 21 1.26110182609e-01
266 369 2.16621621512e-01
175 356 3.50934947841e-01
440 169 6.97115645278e-01
302 323 3.50079772994e-01
256 338 3.74769952148e-01
282 287 3.76607185695e-01
458 154 7.21443167888e-01
93 117 8.01406202372e-01
429 250 7.67734695692e-01
195 118 5.69399949163e-02
254 256 2.63575105928e-01
322 55 8.55951379053e-02
3 25 9.35400152113e-01
141 213 3.16723754164e-01
478 147 2.87931161001e-01
414 143 6.96948931552e-01
442 446 9.00626474526e-01
331 351 1.64301325567e-01
98 123 9.88280961756e-01
91 256 1.30275301170e-01
37 105 1.17223211098e-01
409 423 2.98046580981e-01
4 5 4.20488664880e-01
224 382 8.46150868107e-01
7 26 7.09409259725e-01
25 48 8.97472525481e-01
26 279 5.13318168931e-01
412 348 9.45256883744e-01
416 63 6.34290147573e-01
310 341 7.67573574558e-02
439 329 2.23598547280e-01
174 194 4.30967128836e-01
212 219 2.63204956427e-01
381 395 5.33495390788e-01
79 100 3.39583164547e-01
41 64 5.18354420550e-01
390 111 4.71104881261e-01
376 215 7.34362441115e-01
157 82 7.97858114354e-01
117 120 2.44599610567e-01
252 272 2.12677414063e-01
179 239 3.25208785478e-01
362 380 5.20960872993e-01
229 246 3.37987940758e-01
475 160 1.85868368484e-01
471 3 3.05373560172e-01
400 284 6.88430964947e-01
227 248 7.98384758644e-01
94 4 4.71514529549e-01
290 245 4.14416554384e-01
248 255 1.29873762373e-01
187 199 1.18672230747e-01
79 88 5.12380617205e-01
479 203 2.24571506958e-01
103 296 9.66379621997e-01
434 309 6.76995273679e-01
132 134 1.61057353485e-01
128 278 2.78567238245e-01
299 321 7.11454642005e-02
303 390 7.81442961190e-01
10 29 4.40326588228e-01
17 29 9.33099656366e-01
236 298 6.40755076893e-01
157 385 5.76353521086e-01
44 46 1.04112978559e-01
462 472 1.89548118971e-01
384 42 8.06562561076e-01
382 459 6.41683258582e-01
388 443 6.41126759350e-01
117 409 8.07008171920e-01
187 348 1.90986337140e-01
272 273 2.70973742008e-01
454 439 3.24132450391e-01
116 383 5.17585756723e-01
281 282 1.60878578667e-01
358 362 4.52171070036e-01
190 392 2.94515308924e-01
35 149 7.38687476143e-01
308 272 7.80193494167e-01
371 17 3.25946486555e-02
62 93 5.85964323487e-01
133 166 1.60078208428e-01
151 155 5.19691756926e-02
386 463 6.64153869264e-01
223 243 2.38392768428e-01
310 379 9.46779455058e-01
318 50 6.57262224704e-01
304 401 4.85748408828e-01
163 191 2.68615444191e-01
38 62 2.12326222099e-02
455 469 9.41058800090e-01
227 67 5.24081606884e-01
246 307 9.11625634413e-01
370 383 6.87338078395e-01
454 464 5.19748027436e-01
19 415 1.61309628282e-01
207 233 1.87801790424e-01
158 12 9.64292268734e-01
339 221 6.74856109545e-01
160 163 4.40143176354e-01
38 212 7.74976311717e-01
119 392 5.68308193237e-01
23 158 2.93629771098e-01
471 475 1.04588360991e-01
280 406 5.38312165067e-01
100 109 7.32029177714e-01
338 368 4.88574555144e-01
41 53 1.78012283985e-01
449 475 8.24732977431e-01
171 478 2.59785010479e-01
249 212 1.91102265380e-02
453 88 9.65649955906e-01
176 184 3.63544186112e-01
24 53 4.88730124198e-02
47 53 7.55538698286e-01
44 152 2.76572161354e-01
324 335 7.88312729448e-01
148 253 6.52948165778e-01
180 460 4.98205175623e-01
436 464 5.96245721448e-01
197 199 5.41150597855e-02
182 279 9.82074025087e-01
123 135 7.14726124424e-01
234 257 1.95933911949e-01
59 80 7.20958716702e-01
268 142 5.86614664644e-01
415 456 1.73825702630e-01
305 51 4.67514447402e-01
319 348 9.86541623715e-01
291 359 6.67541166302e-01
402 432 3.88567373622e-01
414 442 9.34889591299e-01
274 298 5.71382677183e-01
465 470 4.53825607896e-01
36 64 1.01369529963e-01
105 126 1.29366613459e-01
425 454 7.28861235082e-01
247 277 4.86837306060e-01
345 346 3.20022517350e-01
45 150 8.49640181754e-01
130 150 3.09941587504e-01
450 469 7.69662950188e-03
8 32 9.70328249969e-01
199 227 5.03040601965e-01
69 196 4.83410893939e-02
60 70 7.77867910918e-01
338 52 4.74805971142e-01
133 138 1.96840944700e-01
225 241 6.54550667387e-01
378 439 4.97573549859e-01
258 274 5.66437933594e-01
402 417 1.70809483621e-01
297 323 9.71921613440e-01
424 439 6.91537420265e-01
454 474 3.42505038716e-01
157 159 9.28890776355e-01
31 94 5.88346440811e-01
273 291 1.86250251252e-01
97 117 2.99286901020e-01
127 131 1.05352001265e-01
420 439 6.65574179031e-01
80 61 3.81852162071e-01
417 2 2.53391577862e-02
399 419 8.67075081915e-01
384 406 3.03160459734e-01
206 228 9.89590864629e-02
133 145 2.48421797995e-01
75 122 9.57329679746e-01
421 434 3.82792280987e-01
89 108 3.57419504318e-01
127 261 9.17879264802e-01
413 432 5.59616139624e-01
476 51 1.13077647053e-01
476 17 9.43015773781e-01
57 300 5.07919133641e-01
139 368 6.41919196583e-01
362 393 6.85336929746e-01
293 294 2.57366297301e-01
87 108 6.52578878216e-02
422 441 9.57739443984e-01
114 63 4.67068563681e-01
254 283 4.07238456421e-01
29 208 2.34063101932e-01
52 284 1.15274899174e-01
191 221 6.45618502051e-01
396 120 3.14682210330e-01
168 216 9.30169043131e-01
362 372 7.24934081547e-01
19 49 2.86198275629e-01
243 466 4.76761061698e-01
16 26 1.97948280256e-01
424 439 9.08339349553e-01
39 70 4.59278610535e-01
267 446 8.90382335521e-01
24 225 7.23792161793e-01
120 138 5.80686743837e-01
458 2 1.09440288041e-01
260 271 4.57769231871e-02
167 187 7.56867777556e-01
7 102 7.47682714835e-01
226 235 3.64362370223e-01
479 3 9.11809098907e-02
318 319 5.37393217906e-01
34 40 2.64434958342e-01
235 441 7.84063731786e-01
67 79 5.53242794238e-01
335 87 6.54367373791e-01
295 307 4.70292148180e-01
358 55 3.56191305909e-01
96 379 1.15348726511e-01
443 468 9.62407799438e-01
109 119 5.38977123797e-01
277 10 3.85655087885e-01
149 357 1.55726261903e-01
40 69 1.01313430350e-01
3 188 8.26052094344e-01
103 127 3.24433276895e-01
61 80 9.32256236207e-01
287 291 8.09307118412e-01
315 326 5.27073369361e-01
216 77 4.77819550317e-01
1 347 1.94133161567e-01
232 306 8.82044220343e-02
214 234 6.79240047932e-01
312 316 8.76190437470e-01
69 207 7.46668875683e-01
318 69 6.10376166180e-01
449 457 1.71541366726e-01
218 336 4.36863903888e-02
139 264 7.54987051710e-01
216 426 6.56181915198e-01
276 288 4.90073041525e-01
362 365 1.20943617541e-01
396 403 6.90076894592e-01
317 129 2.57958415896e-01
169 189 1.28623732831e-01
101 254 6.27937226556e-01
194 207 8.54125844315e-01
454 463 5.84479119629e-01
17 48 3.10766938142e-01
244 260 7.55628803745e-03
193 218 9.83274396509e-01
297 325 5.44569745660e-01
328 329 6.78842325229e-01
338 352 2.43962062523e-01
46 96 6.31902259775e-02
361 414 6.33908072021e-01
413 121 2.66868293751e-01
423 72 9.91305718198e-02
347 354 9.55085535999e-01
232 263 5.01667191274e-01
158 188 7.30296231341e-01
126 255 2.16727891471e-01
137 153 9.27163769491e-01
445 451 7.31849859003e-01
430 138 3.38319584262e-01
474 72 6.87248250935e-01
194 208 5.22556640208e-01
418 419 3.18627079949e-01
118 124 3.09495180845e-01
1 4 7.67571513075e-01
327 46 7.01194546651e-01
302 479 2.84630379640e-01
166 281 9.00340798777e-01
447 413 7.08889751695e-01
406 419 3.08843904641e-01
65 133 1.81743315887e-01
100 128 8.94153769128e-01
123 197 8.66927925963e-01
430 456 5.90797755867e-01
336 36 2.84223307390e-01
353 364 1.06253311969e-02
323 352 9.41637328360e-01
226 248 7.08490541205e-01
245 264 6.85211122036e-01
169 187 3.81285861135e-01
342 352 3.39684156701e-01
273 292 6.25224914402e-01
255 410 3.52142633405e-01
292 378 1.22444557492e-01
455 145 7.97030251008e-01
136 143 5.06053483579e-01
461 226 7.28497119155e-01
41 137 4.87778750248e-01
155 56 8.96790238097e-01
97 110 7.33647532295e-01
217 274 3.17157477140e-01
144 157 8.63874848001e-02
404 414 5.66007141024e-01
175 200 3.25040910859e-01
95 106 2.86438128911e-01
407 143 6.10305303708e-02
307 331 8.12651135959e-01
71 389 3.07219906244e-01
108 244 8.93796327990e-01
198 453 6.43234258518e-01
214 152 3.12249521259e-01
335 142 1.79823532235e-01
270 400 8.92191111576e-01
170 324 1.04699464049e-01
345 457 4.03582002036e-01
387 41 2.50744573306e-01
131 149 1.01582903415e-01
260 214 7.07653234247e-01
235 288 7.60972848628e-01
121 316 9.90483542439e-01
317 244 7.13918531779e-01
303 313 3.82488604635e-01
397 114 6.77326897159e-01
113 284 5.17566010356e-01
363 433 3.69730935898e-01
216 241 3.78691186197e-02
351 377 3.06738161016e-01
170 278 3.93029677216e-01
53 69 2.24472779315e-01
14 39 9.09738007467e-01
348 296 6.15298142657e-01
452 476 4.54069115222e-02
322 324 7.57157155313e-01
107 378 7.49059759080e-01
290 316 1.44479202107e-01
196 301 3.20761142764e-01
101 118 9.12653262261e-01
47 191 7.78137210291e-01
188 192 7.16772947926e-01
33 39 9.78632500395e-01
336 360 6.88184986822e-01
181 209 4.30870100390e-01
69 273 3.71815840248e-01
134 160 8.24210303836e-02
360 454 3.52622522041e-03
437 51 8.70192784350e-01
425 430 3.57314110734e-01
5 150 1.11075475812e-01
372 379 7.12426301092e-01
29 34 2.84663236700e-01
325 476 4.14862045553e-01
427 443 1.44632735755e-01
164 191 9.99877812341e-01
94 298 5.54716649465e-01
305 321 9.60114512593e-01
103 305 8.10465548653e-01
77 91 5.04539202433e-01
163 417 3.18878767546e-01
170 138 1.22558624018e-01
413 426 6.81716185994e-01
126 133 3.87701991480e-01
52 80 1.99279880151e-01
333 469 7.27223038673e-01
303 330 4.37687304802e-01
49 78 5.57858832181e-02
278 45 8.54125112761e-01
94 111 8.08347812854e-01
343 368 5.18842790741e-01
249 278 3.21258463431e-01
204 217 9.24136562273e-01
44 197 8.74723409768e-01
83 94 1.77527605090e-01
20 88 9.71000534482e-01
193 429 7.11593947839e-01
220 399 3.80513901357e-01
68 92 7.38045461476e-01
212 232 2.89458540734e-01
386 402 6.47855270654e-03
274 230 3.76578549854e-01
107 113 2.29935870506e-01
374 59 9.85266479664e-01
353 478 6.68672914151e-01
475 464 1.86372392811e-01
311 362 9.61529956665e-01
223 473 5.44314408209e-01
169 382 3.02589668427e-01
464 475 5.44094313402e-01
383 401 6.07401212212e-01
446 464 3.27773075085e-01
193 230 5.84153539967e-01
175 286 8.27309781685e-01
210 227 4.84169751871e-01
9 29 2.35649756156e-01
337 396 9.61859874427e-01
419 439 4.75847466383e-01
206 301 4.72110318951e-02
394 421 7.68749421928e-01
476 5 1.19877089746e-01
16 80 5.03171070479e-01
340 38 3.40382554103e-01
433 452 9.27729345858e-01
410 412 6.39092443045e-01
18 19 5.73455420788e-01
129 143 9.74134961143e-01
244 245 7.10417433176e-01
249 270 7.90728380904e-01
218 433 7.29062460363e-01
228 239 2.88248291705e-01
33 41 2.51669804566e-02
28 96 7.78567831032e-01
118 147 2.62407669332e-01
428 455 7.20968944952e-02
373 430 8.31580524333e-01
115 120 4.34476806782e-01
1 348 7.74944718927e-01
368 387 5.96875603311e-01
375 148 2.70012460649e-01
292 297 1.24766140245e-01
331 386 6.00367093924e-01
180 188 3.23783250991e-01
378 400 4.51215089299e-01
138 151 2.03470275272e-01
296 312 7.14002410416e-01
435 461 2.94636896811e-01
107 20 2.03551043756e-01
468 13 8.07468632702e-01
202 219 6.15732315928e-02
421 441 7.70129672717e-01
145 162 1.34987985715e-01
88 324 9.04182485305e-01
230 235 1.41458005644e-01
370 194 9.49550797231e-01
365 298 7.30649237521e-01
291 314 4.42633151077e-01
435 441 9.98331272975e-01
56 76 7.05241114367e-01
403 417 8.13164803199e-01
30 36 4.36086674687e-01
203 209 7.89547683671e-02
348 33 6.77373779938e-01
2 20 4.17725570034e-01
68 264 1.25362406019e-01
116 461 9.14543409832e-01
120 150 6.86744352337e-01
183 203 5.12295727152e-01
420 60 3.70918732136e-01
104 72 5.19958961289e-01
253 20 3.72747364454e-01
285 392 6.95585273206e-02
248 121 8.20727815386e-01
340 76 3.70378839318e-01
104 239 4.56826111767e-01
88 124 3.56818372384e-02
255 14 7.52321156673e-01
73 46 4.62706316262e-01
92 112 3.15835410729e-02
266 475 8.01793831401e-01
125 339 5.28918279801e-01
295 326 7.65300095081e-01
4 13 1.31722778082e-01
164 282 9.76904883981e-01
425 92 7.36695616506e-01
453 457 9.72230737563e-01
96 241 7.14253297076e-01
440 469 4.65749167837e-01
294 324 5.11678429320e-02
270 296 6.91028050147e-01
13 33 8.32443792839e-01
105 177 3.77845487557e-01
50 65 1.29807475489e-01
135 165 6.58112956211e-01
346 347 4.31653503329e-01
348 344 1.41587737948e-01
306 329 8.95626975689e-01
477 0 8.35819509346e-01
91 113 5.26720586699e-01
394 404 3.65940621123e-01
328 3 7.40832355805e-02
417 420 2.87349413615e-01
351 216 9.39234811813e-03
245 273 8.26558445580e-01
49 253 4.13857522421e-01
163 18 4.56626835279e-01
75 239 5.55387986824e-02
236 260 8.97075351793e-01
207 209 7.45589723811e-01
116 275 1.19412578642e-01
438 457 8.27256032266e-01
36 162 3.86233537458e-01
10 430 1.45773358177e-01
305 308 1.98173769750e-02
327 115 8.68332467973e-01
13 120 7.08833653945e-01
230 256 3.11783508863e-01
190 205 6.86573714484e-01
66 109 3.95420255139e-01
389 397 1.99772479013e-01
240 265 7.92380408850e-01
31 40 8.33339444362e-01
190 195 3.77785193734e-01
164 191 3.58374225441e-01
412 420 6.99122999795e-02
18 36 4.97014577501e-01
201 365 2.08218384068e-01
404 426 7.53371499479e-01
25 49 6.22595909052e-01
241 313 4.19972634409e-01
32 44 6.29781004507e-01
30 33 9.18188499752e-01
304 89 6.31000890862e-01
45 97 4.97851590626e-02
249 366 8.17404512782e-01
174 195 6.19801932480e-01
411 437 8.29877751879e-01
350 353 4.27975570783e-02
46 185 7.99282254186e-01
470 85 6.88098114450e-01
242 101 2.92225452140e-01
153 270 8.21995980572e-01
399 406 5.80056450330e-01
121 123 2.43540138938e-01
479 249 4.39093941357e-01
121 208 8.50711908191e-01
418 422 5.76561626513e-01
104 107 2.78939905576e-01
158 164 1.00967827719e-01
430 457 3.86520233471e-01
148 150 2.22325360402e-01
239 392 8.01093010232e-01
266 331 2.95158810914e-02
146 181 4.12052732892e-01
445 463 1.53778904118e-01
